13090.0
12160.0
11840.0
11680.0
11210.0
9830.0
7370.0
4600.0
2030.0
2330.0
4360.0
7160.0
10180.0
11210.0
9670.0
7870.0
3760.0
2750.0
1410.0
2690.0
6630.0
8420.0
11270.0
11210.0
11210.0
9350.0
6510.0
6380.0
6200.0
7600.0
8390.0
6120.0
5690.0
4730.0
6300.0
7490.0
5230.0
4020.0
2050.0
3210.0
6160.0
8910.0
11210.0
11200.0
11210.0
11180.0
7220.0
5710.0
3650.0
3160.0
5260.0
5100.0
6670.0
7270.0
8390.0
10350.0
10060.0
9730.0
7120.0
4350.0
2890.0
2560.0
4530.0
5750.0
8200.0
8900.0
8490.0
7410.0
3400.0
3410.0
3730.0
5320.0
11230.0
11190.0
8290.0
6170.0
5090.0
2850.0
2540.0
4990.0
6270.0
9500.0
11210.0
7930.0
5830.0
3650.0
1910.0
3330.0
5940.0
6540.0
5500.0
5390.0
5390.0
7260.0
11010.0
11200.0
11200.0
11210.0
11210.0
10560.0
6330.0
3690.0
2570.0
2830.0
5640.0
7360.0
6490.0
6540.0
5770.0
7510.0
10060.0
7660.0
5820.0
4630.0
2150.0
3670.0
6280.0
6620.0
7280.0
4520.0
3840.0
4740.0
7460.0
10460.0
11210.0
11200.0
11210.0
11170.0
7850.0
5450.0
4430.0
4120.0
6680.0
8820.0
