13060.0
12070.0
11790.0
11610.0
11150.0
9580.0
9120.0
8840.0
8370.0
9680.0
10080.0
10320.0
10770.0
10170.0
10230.0
6870.0
6250.0
4220.0
2990.0
5380.0
5670.0
7240.0
8640.0
8680.0
8840.0
8160.0
8300.0
8380.0
8530.0
9660.0
8060.0
4680.0
4400.0
4510.0
2690.0
3050.0
2610.0
3390.0
7490.0
10140.0
6910.0
6830.0
6640.0
6030.0
9560.0
9330.0
9550.0
10490.0
10730.0
11080.0
11150.0
11160.0
11190.0
9370.0
8570.0
6520.0
6270.0
6490.0
7140.0
9050.0
6540.0
5380.0
5380.0
4100.0
4700.0
6000.0
5190.0
5900.0
6740.0
7310.0
7150.0
8070.0
9140.0
7910.0
8730.0
7900.0
7210.0
4990.0
4630.0
5310.0
5930.0
10130.0
10820.0
11070.0
11120.0
11120.0
11050.0
9300.0
8480.0
