8200.00
7790.00
7630.00
7560.00
6950.00
7250.00
7310.00
7330.00
7660.00
7300.00
7270.00
7250.00
7350.00
7440.00
7180.00
7220.00
7220.00
7210.00
7470.00
7460.00
7430.00
7440.00
7440.00
7030.00
7350.00
7340.00
7330.00
7740.00
7460.00
7030.00
7380.00
7400.00
7360.00
7770.00
7420.00
6880.00
6710.00
6690.00
6690.00
7190.00
7350.00
7390.00
7420.00
7470.00
7490.00
7430.00
7420.00
7460.00
7500.00
7610.00
7630.00
7520.00
7510.00
7540.00
7570.00
7670.00
7640.00
7570.00
7460.00
7400.00
7380.00
7400.00
6850.00
7100.00
7110.00
7080.00
7530.00
6320.00
6040.00
6040.00
6180.00
7130.00
7440.00
7490.00
7490.00
7490.00
7490.00
7470.00
7430.00
7440.00
7430.00
7430.00
7440.00
7310.00
7310.00
7310.00
7320.00
7410.00
6980.00
7140.00
6970.00
6970.00
7380.00
7220.00
7350.00
5840.00
5480.00
5470.00
5520.00
7020.00
7400.00
7400.00
7380.00
6970.00
7230.00
7220.00
7210.00
7620.00
7350.00
7360.00
7290.00
7320.00
7340.00
7350.00
7430.00
7420.00
7390.00
7390.00
6900.00
6930.00
6930.00
6900.00
7370.00
6380.00
4950.00
5010.00
4750.00
5900.00
7330.00
7290.00
7580.00
7260.00
7250.00
7270.00
7430.00
7430.00
7430.00
7390.00
7340.00
7340.00
