8730.00
8070.00
7820.00
7720.00
7040.00
7230.00
7260.00
7270.00
7500.00
7310.00
7320.00
7330.00
7460.00
7500.00
7470.00
7410.00
7400.00
7390.00
7400.00
7400.00
7410.00
7390.00
6870.00
7200.00
7190.00
7060.00
7570.00
6670.00
5160.00
5700.00
5730.00
6290.00
7850.00
7440.00
7450.00
7440.00
7460.00
7460.00
7490.00
7480.00
7500.00
7470.00
7420.00
7410.00
7380.00
7380.00
7260.00
7240.00
7270.00
7270.00
6650.00
6970.00
6940.00
6850.00
7610.00
6470.00
5620.00
5690.00
5670.00
6460.00
7340.00
7370.00
7350.00
7400.00
7390.00
7410.00
7430.00
6990.00
7300.00
7260.00
