8620.00
7750.00
7450.00
7300.00
6510.00
6770.00
6790.00
6780.00
7150.00
6530.00
6800.00
6850.00
6860.00
7220.00
6970.00
6960.00
6950.00
6940.00
6950.00
6910.00
6890.00
6890.00
6880.00
6890.00
6550.00
6560.00
6470.00
6440.00
6790.00
5430.00
5370.00
5050.00
5320.00
6690.00
6820.00
7160.00
6910.00
6910.00
6930.00
6950.00
6940.00
6950.00
6940.00
6940.00
6930.00
6930.00
6830.00
6800.00
6830.00
6820.00
6920.00
6940.00
6830.00
5650.00
6050.00
6060.00
6120.00
7340.00
5580.00
4920.00
4930.00
4920.00
6230.00
6900.00
6920.00
6910.00
6900.00
6820.00
6820.00
6840.00
6850.00
6930.00
6920.00
6930.00
6860.00
6870.00
6860.00
6830.00
6930.00
6900.00
6910.00
6920.00
6570.00
6120.00
6140.00
6140.00
6460.00
6550.00
5830.00
4270.00
4670.00
4940.00
5560.00
7380.00
6910.00
6920.00
6930.00
6920.00
6930.00
6930.00
6930.00
6950.00
6930.00
6930.00
6950.00
6940.00
6930.00
6550.00
6830.00
6840.00
6850.00
7000.00
6860.00
6500.00
