4420.0
3490.0
3160.0
3020.0
2550.0
2350.0
1840.0
1360.0
930.78
631.58
624.25
622.51
614.54
603.77
537.40
465.99
394.21
347.89
333.14
307.75
290.11
262.19
246.52
248.57
252.39
253.54
253.63
251.26
251.26
251.40
251.45
250.09
249.35
251.17
250.51
249.49
249.35
246.52
248.66
251.59
248.93
247.38
248.84
248.89
241.22
250.90
241.17
233.48
245.14
239.23
244.37
248.57
247.92
247.47
253.77
250.70
245.31
250.15
237.21
248.80
249.72
249.21
249.81
249.54
248.25
248.66
249.72
248.57
247.20
249.21
250.42
250.75
252.87
253.68
251.07
248.34
248.25
247.15
248.47
250.09
248.66
245.21
248.43
251.07
250.09
250.28
250.98
252.44
252.02
247.24
244.59
217.41
213.05
202.86
203.26
225.76
237.94
244.10
247.65
245.70
246.02
247.70
248.80
249.54
249.49
250.19
253.06
252.92
251.87
251.40
250.28
249.63
249.81
251.31
250.23
247.70
248.06
249.40
249.17
251.07
251.69
249.44
251.36
253.01
249.86
247.01
249.17
250.09
263.03
254.95
248.52
242.01
233.91
246.75
241.28
254.12
247.10
250.35
250.37
250.56
249.21
242.38
251.36
242.86
246.93
245.88
247.70
248.11
248.75
250.00
248.75
249.03
243.46
250.75
244.23
251.12
252.20
251.87
250.00
248.34
249.30
247.42
248.84
250.42
249.35
252.25
253.58
250.37
248.20
250.65
253.35
253.54
251.50
251.73
250.00
249.07
249.86
250.28
250.51
252.44
254.69
253.25
251.31
249.63
247.79
248.15
250.37
249.72
252.06
249.86
246.65
248.38
248.93
249.03
248.89
247.88
248.57
248.06
250.09
252.16
250.37
250.09
248.57
248.11
248.75
248.98
248.15
246.56
248.98
249.95
248.93
247.83
246.92
249.12
248.36
246.95
256.95
244.97
249.74
255.79
241.94
248.20
248.93
250.33
251.31
251.03
252.25
253.11
253.87
253.82
253.44
249.95
250.28
250.42
247.61
247.15
247.01
247.83
247.74
247.61
247.47
248.57
248.11
249.17
251.54
250.98
250.33
250.09
248.20
249.77
251.78
250.00
248.43
251.78
252.73
245.11
256.90
248.87
243.90
256.95
249.64
250.96
250.28
248.25
247.56
249.44
250.93
253.11
252.96
251.59
250.14
247.47
247.83
249.07
251.21
251.78
250.70
251.12
249.95
251.40
250.23
249.72
251.59
248.43
249.72
251.69
250.56
248.52
248.25
247.29
248.34
252.54
252.25
250.79
255.03
253.92
264.94
250.26
256.63
246.48
238.11
255.53
241.90
247.20
253.45
243.39
251.36
251.69
251.92
252.63
250.89
249.63
249.30
248.70
248.29
248.29
247.01
248.47
249.95
250.56
251.31
253.20
256.44
256.15
253.87
252.35
249.77
248.80
250.05
251.87
251.40
252.44
253.87
252.58
255.71
255.85
252.49
250.89
250.70
251.12
249.95
248.47
249.40
249.21
249.81
250.42
250.23
249.58
244.87
249.91
243.64
249.54
249.58
250.98
250.14
250.28
250.61
250.37
250.00
248.89
248.61
249.49
250.09
251.45
251.36
251.26
250.89
251.26
252.82
251.31
248.89
248.84
249.44
252.20
252.49
249.86
247.01
246.92
249.44
248.06
247.38
249.91
252.73
245.86
256.95
249.49
256.39
254.64
247.86
243.00
242.92
248.32
250.96
251.31
249.86
250.70
251.21
251.92
251.40
250.51
250.37
250.23
250.23
249.03
249.58
250.84
251.17
250.84
250.23
249.17
246.88
248.61
252.54
252.30
250.42
250.14
247.33
247.61
249.26
248.66
248.38
251.12
252.63
250.25
246.95
254.33
243.11
248.98
255.58
245.61
253.20
252.82
251.59
250.56
248.70
247.24
246.42
246.20
246.97
248.11
249.86
250.89
251.07
249.81
247.38
247.92
249.30
249.30
249.72
249.26
251.50
251.83
252.63
254.11
251.07
248.11
247.47
247.01
248.06
249.86
249.21
248.47
250.75
251.17
250.19
248.84
248.89
252.11
243.79
255.01
248.26
255.67
253.76
247.56
257.67
242.13
248.32
249.05
236.03
247.29
246.65
247.47
249.03
247.74
248.43
248.70
247.79
247.88
247.24
248.29
250.28
252.06
251.07
250.28
250.33
247.10
246.92
248.43
246.61
245.52
247.15
246.52
248.84
251.73
250.65
248.61
250.79
252.06
249.49
249.54
250.23
251.40
250.55
250.88
256.74
244.12
251.97
256.79
246.15
251.78
249.54
247.74
247.42
246.74
247.06
247.24
247.70
248.75
247.70
247.01
247.42
248.84
249.44
250.89
250.47
249.86
249.67
248.84
250.42
249.77
246.79
248.52
249.07
248.98
249.54
247.70
247.01
245.23
254.93
247.41
250.00
249.54
249.54
247.96
247.25
255.48
245.06
251.69
251.64
250.37
250.70
251.03
250.61
249.72
250.37
251.31
251.36
251.64
250.42
248.38
247.10
245.66
246.52
248.61
247.88
248.70
249.12
248.11
249.30
250.00
249.35
249.40
246.52
245.93
248.47
247.92
248.89
247.83
246.24
249.03
250.84
249.30
247.38
249.54
251.83
251.36
250.56
248.80
247.56
247.92
247.92
249.54
248.43
249.21
249.63
249.26
250.47
250.70
250.28
248.70
247.38
247.47
249.03
248.47
247.61
248.93
249.17
248.84
249.03
247.06
246.70
246.56
247.51
249.49
249.58
247.74
248.47
249.26
249.44
251.78
249.58
246.88
248.47
248.98
249.40
249.49
250.70
253.54
251.26
248.26
253.81
241.22
247.42
248.47
248.70
248.93
249.44
246.97
248.06
248.02
247.88
249.67
249.03
249.49
250.89
249.35
246.92
247.79
247.83
249.21
250.89
252.06
252.49
249.67
249.67
249.86
248.75
250.09
251.64
250.05
251.87
251.17
248.20
248.70
251.12
252.11
244.23
251.82
246.95
242.32
252.89
247.15
240.09
252.12
245.26
247.57
248.98
248.61
249.21
256.31
253.20
247.10
251.41
239.57
251.83
251.21
250.75
250.23
248.89
247.61
247.97
249.77
249.49
248.93
248.57
247.74
247.74
248.84
249.63
248.98
247.29
247.51
247.47
248.34
249.54
247.70
246.52
248.75
249.26
247.97
247.20
247.61
249.12
249.85
248.06
254.28
244.67
250.28
249.54
249.77
248.31
246.35
252.22
242.96
248.47
248.02
248.80
248.98
248.89
247.51
246.88
248.20
250.93
251.83
249.81
247.61
241.27
246.79
242.16
249.77
248.25
246.74
248.70
248.70
250.28
250.56
248.93
248.11
250.00
251.92
247.97
247.65
248.75
250.56
251.71
248.37
255.27
243.10
248.47
249.17
247.65
248.11
248.52
247.29
247.38
246.42
246.02
245.70
244.90
246.65
248.25
247.20
246.29
246.02
246.20
246.88
247.56
247.38
249.67
249.03
248.70
252.30
251.45
250.47
251.21
250.51
249.40
249.12
249.12
246.47
249.44
251.59
248.89
247.33
246.74
247.06
240.89
253.66
248.67
244.97
256.58
248.37
249.05
248.20
247.42
247.74
254.98
253.04
247.10
249.95
237.08
247.79
246.38
246.02
246.56
246.24
245.61
246.52
248.11
248.43
247.97
248.47
247.92
246.83
248.15
250.79
249.58
248.70
248.47
245.84
247.10
247.33
245.66
246.42
248.93
252.63
251.59
249.72
250.19
250.89
250.85
248.42
253.56
242.13
249.35
249.40
250.37
249.86
248.34
247.79
247.06
249.26
250.84
250.93
250.98
249.30
247.56
246.47
244.63
244.63
248.02
248.38
249.67
250.98
250.84
249.63
250.33
252.16
251.03
249.26
248.43
246.97
247.38
248.57
247.10
246.06
249.58
251.83
244.62
255.01
248.77
244.38
255.95
249.13
263.95
254.75
246.55
248.36
229.75
246.70
247.20
248.29
248.20
248.57
248.98
248.75
250.98
250.14
249.44
249.26
249.63
248.66
247.92
247.92
247.06
246.33
246.42
248.38
247.10
246.29
246.88
246.65
247.24
247.97
247.38
246.74
248.06
249.17
247.29
245.75
248.34
250.79
250.45
246.65
254.43
244.47
250.19
251.87
251.69
250.19
251.50
250.61
248.34
248.70
242.33
248.34
243.68
250.79
249.77
250.70
249.86
250.75
252.06
251.40
249.91
247.65
247.15
246.42
248.66
251.97
252.49
249.77
248.38
247.33
248.84
249.21
248.52
248.02
247.97
249.30
246.83
244.01
245.48
247.97
248.21
246.95
255.11
245.31
250.61
251.12
249.21
247.06
246.92
246.06
246.29
247.47
248.20
248.02
248.02
247.42
247.47
247.15
247.92
249.91
251.69
251.12
249.40
249.30
249.67
249.86
249.81
251.12
251.17
248.57
250.33
250.65
249.67
251.36
248.98
247.65
249.72
250.14
248.11
247.06
249.67
251.83
252.25
252.06
251.12
252.39
246.05
255.48
246.70
240.34
251.21
245.01
249.15
248.11
249.58
249.67
249.72
250.75
248.84
248.06
248.80
249.17
248.57
247.56
248.06
248.75
251.12
253.01
255.42
254.40
250.19
248.70
248.11
247.56
249.03
249.81
247.10
250.37
250.33
246.92
246.79
247.79
249.67
251.64
250.89
250.84
251.50
249.45
248.72
254.54
244.18
250.37
250.42
250.51
262.40
247.91
252.84
243.01
236.21
248.34
248.25
248.61
248.89
247.74
246.92
248.34
250.61
252.30
251.40
249.58
248.57
246.42
249.40
253.87
253.68
251.45
249.21
246.47
248.20
249.07
247.29
245.43
246.56
248.89
248.66
248.57
250.37
251.87
245.21
257.32
251.45
245.67
256.32
248.01
248.56
248.25
249.21
250.61
252.82
252.68
250.93
250.05
248.80
250.19
250.89
251.03
252.30
251.12
250.61
249.17
250.42
253.16
251.97
251.17
251.21
248.52
246.65
249.72
249.81
250.47
253.68
250.84
247.74
251.50
250.42
249.12
243.68
251.59
249.48
247.81
258.01
250.62
243.64
251.92
244.62
237.74
248.85
244.37
239.88
248.90
241.13
237.94
249.20
244.62
249.65
248.52
248.52
247.97
249.21
250.93
248.75
247.51
245.84
246.06
247.97
248.98
249.81
248.89
246.70
247.70
249.86
250.09
252.39
251.50
249.95
252.54
251.92
250.84
248.11
249.30
250.51
248.41
246.35
254.12
242.37
250.26
258.12
245.66
252.11
250.98
249.17
250.19
251.31
251.40
252.02
252.16
250.56
249.77
249.54
250.09
251.03
249.21
248.52
247.38
249.07
250.93
250.84
254.02
252.92
250.47
250.98
251.59
250.98
250.56
250.09
247.92
250.00
249.17
248.29
248.38
249.35
251.78
250.84
248.06
250.19
252.49
244.87
258.17
249.95
250.40
250.23
249.17
248.02
248.15
249.03
249.07
251.21
253.35
253.68
252.20
250.56
249.30
249.44
249.95
250.19
253.01
253.49
253.20
251.69
249.40
250.75
249.21
250.70
252.54
250.56
248.66
249.86
248.93
250.19
252.06
249.07
248.20
250.37
252.16
250.98
248.84
247.88
249.72
249.10
247.31
254.69
243.20
248.93
250.70
250.51
248.98
248.75
248.25
248.20
249.77
250.93
251.26
251.92
252.96
252.54
250.61
249.77
249.86
253.20
251.97
249.91
249.49
247.61
247.79
250.98
252.25
251.69
251.03
249.44
249.07
250.28
251.78
250.93
251.03
254.79
256.24
253.49
250.37
249.58
250.47
243.93
255.42
246.90
240.45
253.56
246.65
250.20
249.77
248.98
248.75
249.58
248.93
249.30
249.54
250.00
251.07
248.52
248.34
247.24
247.74
248.43
247.20
249.91
251.36
251.31
253.30
245.92
248.61
241.84
247.15
247.38
249.17
250.75
249.35
249.12
251.54
251.78
249.77
247.24
247.65
248.98
248.43
249.07
250.56
250.05
251.78
252.06
250.89
250.51
249.17
250.28
250.70
249.81
249.07
247.20
245.70
246.88
249.77
250.33
252.20
250.19
251.07
251.59
251.12
249.67
248.89
249.35
246.88
248.29
249.58
248.70
247.51
248.38
247.33
250.65
252.06
250.05
249.86
250.00
250.42
250.23
247.97
248.52
250.70
256.41
250.05
256.42
244.38
242.87
253.25
242.62
249.26
249.63
251.26
250.84
250.33
248.57
248.52
248.98
249.17
249.91
245.93
246.33
248.61
247.10
249.40
251.64
250.98
251.54
251.26
251.12
252.30
249.72
249.86
250.19
248.38
248.15
246.65
244.94
247.83
249.95
248.70
248.93
249.12
249.91
243.49
253.76
247.91
244.12
256.21
250.67
254.02
253.87
252.35
250.14
250.05
250.61
250.37
249.86
247.61
245.57
245.26
245.26
247.47
251.17
250.47
249.07
248.34
247.61
248.84
248.80
249.40
248.70
246.33
247.88
250.42
249.54
249.35
248.38
246.02
247.97
251.07
248.98
248.89
251.92
252.77
252.94
250.00
256.95
244.17
248.16
253.61
243.39
249.44
250.00
249.81
249.26
249.40
249.58
249.91
249.07
249.17
247.88
248.06
248.06
248.75
248.34
246.11
247.65
248.06
248.66
248.89
248.43
249.44
248.70
249.63
251.69
252.11
250.14
250.56
250.93
249.67
250.14
247.79
244.41
247.01
249.58
242.52
252.84
248.57
243.69
254.85
248.47
250.10
249.58
248.98
248.02
248.43
249.21
249.35
249.49
248.34
247.38
242.47
248.38
242.74
249.77
249.30
248.52
249.91
251.50
250.42
249.81
248.20
247.33
247.01
248.25
250.05
249.03
246.11
247.38
249.49
250.56
252.30
250.42
248.02
251.07
252.06
248.43
246.29
246.47
248.15
241.85
252.27
246.35
249.05
249.49
251.21
249.86
249.40
249.12
250.09
250.65
250.19
250.19
248.47
248.93
249.72
251.03
249.67
247.88
247.97
248.06
249.35
248.70
250.33
250.23
248.43
249.63
250.79
250.23
247.97
248.29
249.30
249.72
250.89
250.56
248.02
251.07
251.17
248.61
245.66
246.02
248.66
247.91
247.91
253.86
242.06
246.85
251.71
241.33
246.50
253.86
243.64
249.63
249.30
248.66
248.66
248.06
246.47
246.24
248.02
249.12
249.91
248.34
247.42
249.40
249.63
250.79
251.45
249.12
247.15
247.01
248.34
248.52
248.47
248.15
246.42
248.20
248.84
249.07
248.66
251.21
252.87
250.09
247.61
247.61
250.14
251.31
253.44
251.78
250.23
242.71
252.99
247.56
249.45
248.38
247.74
246.88
246.88
246.42
246.47
247.06
247.88
249.58
249.07
247.56
247.29
248.43
249.35
249.30
250.00
249.81
248.29
248.43
249.49
249.54
248.66
249.44
249.40
250.42
252.25
249.07
246.92
249.81
249.86
249.90
246.85
253.45
244.42
249.44
250.75
250.33
250.70
252.06
251.40
250.09
248.89
248.47
247.38
246.88
247.61
246.74
247.47
247.33
247.20
249.26
248.20
246.74
249.12
249.67
250.28
251.92
251.12
250.33
249.12
248.15
249.86
250.09
249.44
249.26
247.56
248.93
248.89
247.38
246.24
247.83
248.93
242.18
251.66
246.95
242.84
247.36
247.66
242.38
248.11
248.75
249.49
250.28
251.50
251.45
249.81
248.25
247.56
246.79
246.92
248.02
248.84
248.61
247.97
248.98
250.79
249.35
248.66
248.75
247.42
248.15
248.52
250.00
252.44
251.07
252.54
251.92
249.72
249.12
246.83
245.61
247.92
250.51
248.20
246.24
246.70
246.83
240.17
251.87
245.81
248.95
248.52
247.92
248.25
248.01
253.86
246.70
244.32
242.83
241.89
247.74
247.06
244.00
249.07
240.91
245.84
244.90
245.57
247.56
244.64
251.87
243.19
248.11
246.92
240.56
250.51
255.13
243.98
252.48
240.24
232.02
251.82
241.54
246.75
252.68
241.85
248.84
250.37
245.37
253.25
246.43
249.77
247.15
246.70
248.98
248.75
248.38
248.47
247.97
247.74
247.38
246.74
245.35
244.36
246.15
245.84
246.11
240.47
245.48
240.51
246.61
247.51
240.38
246.24
242.42
249.03
247.67
243.44
251.26
240.86
245.36
253.09
241.59
245.71
251.56
240.08
245.21
246.02
245.79
245.30
239.46
246.52
241.00
247.83
247.70
245.08
245.61
239.18
249.90
243.83
247.32
249.54
249.44
249.12
242.74
248.02
240.96
246.70
247.20
241.27
247.88
243.64
249.40
250.09
249.58
246.88
246.65
247.74
247.41
247.31
248.77
249.86
251.59
263.45
245.86
252.63
243.16
233.20
251.66
239.89
245.17
245.70
244.63
245.12
247.56
247.10
246.47
248.11
247.61
247.20
249.44
250.75
250.42
250.23
244.37
246.74
244.55
247.87
243.39
247.20
245.86
239.01
246.85
247.46
243.49
250.51
248.89
248.43
249.00
246.50
252.48
244.13
251.40
250.98
251.12
250.42
250.09
249.26
248.29
248.70
249.21
249.40
248.89
249.77
249.35
246.02
246.56
246.29
246.47
248.06
246.29
244.94
242.60
251.87
243.20
245.90
252.38
239.06
244.82
245.01
241.85
244.78
252.54
252.35
250.98
248.84
246.24
246.92
247.51
249.03
249.49
248.11
243.82
252.16
245.51
252.20
254.21
250.79
248.06
247.97
247.24
244.41
256.73
247.17
249.95
250.98
249.17
250.47
248.15
248.11
247.70
246.70
247.92
248.98
248.02
248.89
248.02
246.83
248.15
249.49
249.91
248.61
248.66
247.51
250.42
250.23
248.20
248.47
247.92
249.44
244.37
248.53
250.57
249.38
251.87
246.33
240.78
250.65
243.35
248.01
254.54
241.03
243.28
248.38
241.93
241.80
252.79
247.91
246.60
253.63
245.55
249.95
249.21
249.21
250.47
244.96
253.92
246.43
248.66
247.29
245.43
247.56
250.05
248.66
247.74
250.70
251.12
249.80
246.20
252.73
243.69
248.84
248.75
249.07
248.51
247.20
251.71
239.67
243.01
243.20
244.27
243.96
251.26
247.47
245.61
247.33
240.38
248.70
244.27
249.72
247.33
247.74
247.97
249.21
252.16
250.89
248.70
249.44
249.26
248.29
248.52
249.63
251.50
245.11
254.33
250.21
243.21
249.08
250.83
243.80
249.74
253.40
241.41
247.88
247.33
247.29
248.34
244.73
243.46
244.14
243.82
248.25
247.33
246.83
249.21
247.42
245.84
245.43
244.54
247.38
249.63
242.47
248.38
242.96
245.55
243.79
248.16
249.18
250.90
250.84
247.74
248.80
248.80
250.05
251.03
246.92
247.97
246.79
246.70
249.07
248.52
249.63
241.98
249.95
244.41
251.83
251.31
249.86
251.87
249.12
248.38
248.43
247.29
247.79
248.43
242.56
248.15
244.82
254.26
250.55
246.10
254.18
248.44
247.96
254.80
243.79
244.91
249.40
249.35
251.26
248.25
254.11
247.27
252.39
251.50
250.56
249.95
248.98
247.47
245.79
246.56
249.77
250.05
249.72
251.17
251.87
252.92
253.30
249.26
244.94
248.11
249.26
248.06
246.20
251.46
241.80
247.41
252.99
240.81
246.00
251.87
241.32
248.52
248.06
246.74
247.42
244.62
251.92
243.88
248.61
249.26
246.61
246.47
246.88
243.88
244.81
244.36
245.12
246.29
244.85
245.97
238.15
234.39
233.04
228.15
232.33
240.79
233.17
237.94
244.10
237.90
249.44
249.12
240.89
244.42
238.57
245.41
245.28
250.70
248.66
253.01
249.70
242.38
248.51
235.86
247.56
246.42
244.59
245.12
245.43
244.90
245.30
245.66
243.35
245.43
249.49
247.83
249.81
249.30
245.57
248.75
247.56
245.21
244.23
246.56
249.91
249.40
247.41
254.43
235.80
249.08
246.95
235.67
248.80
240.82
246.83
246.74
243.49
250.35
241.94
246.65
247.38
239.90
247.51
243.19
241.93
247.88
242.47
248.11
246.79
242.29
246.47
245.65
247.36
250.75
242.16
242.38
249.40
243.19
249.63
247.10
245.35
245.04
242.18
250.15
241.37
246.52
246.02
242.77
243.26
245.57
245.93
246.02
245.75
244.36
243.79
237.85
247.01
241.22
246.11
247.61
247.83
247.10
248.06
247.79
238.37
248.15
244.05
240.70
246.00
249.79
245.46
249.38
253.30
242.83
249.81
247.65
247.29
245.35
243.17
239.10
235.62
236.37
236.74
241.68
243.43
243.79
245.26
242.03
235.84
244.45
239.81
245.93
244.59
242.51
242.64
241.40
250.09
240.21
238.76
245.66
240.91
242.13
252.84
244.32
247.74
252.22
245.06
242.21
246.65
245.76
242.06
251.92
244.82
241.56
249.67
242.56
246.74
246.06
245.57
246.06
246.79
248.80
246.47
245.30
240.78
245.57
245.23
252.54
255.44
245.90
250.85
239.01
236.14
249.20
239.89
243.14
249.30
243.10
244.73
249.67
244.55
249.12
247.51
248.61
246.33
244.59
244.76
245.79
246.56
247.74
248.29
245.93
241.90
243.83
245.21
245.57
247.42
246.61
245.93
247.65
250.89
241.65
237.87
229.59
222.95
234.03
238.99
238.30
246.30
239.28
233.82
244.47
242.23
251.86
249.50
241.08
238.71
233.53
238.29
241.90
241.94
239.63
244.10
241.67
247.38
244.27
240.32
245.96
239.13
241.62
238.57
239.51
242.23
238.45
250.35
245.21
239.01
248.11
238.10
233.48
246.84
240.74
236.59
246.25
238.95
244.85
245.61
244.32
243.26
235.93
245.14
240.70
238.40
240.36
240.03
237.31
244.10
243.65
243.21
242.85
240.65
244.37
247.31
247.22
248.20
243.83
241.73
243.30
242.33
246.47
237.34
244.41
245.26
241.84
243.82
243.68
241.09
246.97
246.24
247.47
246.24
245.84
246.92
245.39
245.57
244.50
241.86
242.07
241.77
243.13
245.26
241.81
244.41
248.25
248.98
250.23
245.97
241.73
242.21
243.04
243.79
243.08
243.79
240.34
247.10
241.40
244.46
248.25
240.55
243.98
248.51
240.41
243.92
242.69
238.03
243.88
242.83
249.72
244.90
242.07
245.61
238.85
247.24
246.24
246.65
246.02
246.29
245.70
242.51
252.11
242.47
244.82
245.31
240.46
243.01
242.96
248.52
243.23
246.56
245.79
245.03
246.15
249.12
248.52
247.65
246.56
245.35
244.63
245.48
244.63
244.36
244.94
238.85
247.97
242.47
242.78
248.75
240.29
247.10
246.74
246.47
248.02
244.82
254.88
248.91
247.59
253.82
245.65
244.03
254.49
246.55
244.18
249.72
241.35
245.75
244.99
247.20
247.47
243.23
251.36
242.33
244.54
244.14
237.81
246.65
244.59
246.92
243.70
244.99
245.79
239.89
250.20
244.96
242.71
250.98
246.52
247.73
254.69
248.34
248.34
250.65
243.59
243.28
247.47
242.11
250.05
247.70
244.41
244.54
243.70
249.17
249.71
254.59
245.92
251.97
251.50
242.67
249.74
249.23
256.94
248.62
252.07
248.44
233.29
252.53
249.40
239.19
252.07
243.88
243.68
249.86
246.83
246.74
247.42
247.38
247.70
246.15
245.79
244.68
246.38
249.81
249.95
247.74
247.33
246.15
242.07
254.84
245.41
246.85
255.21
239.67
245.36
252.99
242.01
247.61
254.12
242.21
247.25
249.54
245.61
245.14
250.61
247.97
249.07
249.91
249.77
248.11
246.92
248.98
249.03
251.45
249.62
255.76
247.50
250.98
246.33
246.88
248.11
246.06
245.75
241.49
243.28
246.48
244.14
248.47
247.29
245.04
246.05
245.06
241.51
242.83
245.70
246.15
249.17
250.84
251.83
252.16
250.51
248.70
247.79
247.47
248.89
248.25
247.29
243.82
248.80
243.14
250.23
246.74
245.88
249.26
246.48
252.63
242.60
242.92
250.09
242.47
248.98
254.59
241.94
247.06
246.33
246.38
248.52
249.95
249.95
249.12
249.30
246.52
251.07
244.50
250.33
246.42
245.70
244.72
243.74
245.03
243.10
249.54
240.60
249.17
250.33
249.67
250.51
251.21
249.54
247.83
247.47
246.52
247.38
247.56
248.66
248.52
246.88
247.10
244.90
245.79
246.11
246.29
248.70
244.37
249.12
243.68
249.26
246.33
241.00
250.23
245.55
250.79
251.07
251.31
251.36
249.95
248.98
244.94
246.88
248.84
246.49
244.37
252.27
240.86
245.61
252.84
241.02
247.15
252.02
240.03
245.43
244.45
246.47
247.51
247.24
247.15
246.20
245.75
246.15
246.47
245.70
246.65
247.79
246.56
246.97
247.33
247.74
248.93
247.61
248.15
247.24
245.35
246.20
246.92
247.10
249.40
243.46
247.79
245.74
253.20
250.40
246.20
254.07
241.07
247.05
254.90
243.35
248.75
247.61
246.20
245.86
244.47
249.65
239.75
243.65
243.83
244.94
245.35
246.83
245.17
243.39
245.61
246.74
247.33
246.65
244.85
244.99
244.05
238.42
247.10
241.22
248.20
248.20
245.93
248.61
247.92
245.84
240.12
248.89
243.28
243.25
252.07
242.67
240.03
248.57
241.84
241.31
250.00
243.14
248.70
247.06
244.68
244.14
244.41
245.70
248.89
248.15
245.48
246.24
239.07
249.21
246.66
249.40
245.76
244.57
240.60
237.61
248.61
239.01
245.16
245.41
244.62
244.00
247.06
247.33
247.51
248.11
247.70
246.06
244.50
245.66
246.79
248.34
248.47
247.01
245.75
244.68
245.70
246.56
241.58
247.79
242.74
248.98
250.98
244.82
247.92
243.87
244.78
248.47
243.01
250.19
247.83
243.23
251.69
245.05
251.78
251.59
251.03
248.89
246.11
246.61
241.93
246.79
242.87
239.68
241.99
236.14
234.03
238.59
235.17
242.38
235.34
243.54
244.27
240.55
252.99
245.31
256.17
248.26
246.20
249.15
237.83
247.17
251.12
245.33
252.58
248.66
248.89
249.72
247.61
246.38
247.56
249.49
249.63
249.44
243.87
246.92
244.73
251.50
248.70
245.16
252.12
235.55
248.32
248.21
236.32
253.56
243.39
246.15
246.70
245.57
247.65
244.50
250.65
242.92
242.16
247.24
240.69
241.49
248.98
241.67
250.19
252.77
246.88
247.01
248.93
249.49
243.20
253.35
245.76
249.40
250.28
250.19
249.17
247.83
247.15
241.53
246.88
239.99
244.68
243.65
240.34
248.02
244.05
248.57
246.52
246.06
247.74
242.74
248.02
244.05
245.05
251.12
243.19
247.51
248.47
251.83
251.06
247.46
252.33
240.32
246.20
246.33
245.93
245.26
246.24
245.21
245.79
245.96
244.32
250.25
242.47
248.70
247.97
247.88
248.25
249.12
247.42
246.38
247.20
242.74
241.04
244.41
242.60
247.65
249.07
245.52
245.30
241.62
249.67
241.41
247.51
247.25
244.57
245.37
243.96
248.47
242.07
249.30
248.66
244.37
249.77
245.42
250.09
248.57
248.61
244.81
241.47
241.12
243.83
244.68
239.72
241.84
239.63
243.32
251.50
247.47
245.46
250.80
241.28
246.60
250.80
242.86
248.66
246.42
247.01
246.42
245.84
246.47
246.47
247.20
247.65
247.47
246.24
246.11
246.88
246.88
240.91
247.01
241.53
241.04
245.70
240.12
249.07
250.14
248.70
247.29
248.02
248.20
242.23
248.32
245.95
