4400.0
3440.0
3110.0
2990.0
2540.0
2490.0
2520.0
2240.0
1690.0
1300.0
849.24
606.50
628.58
587.28
505.64
450.91
356.53
309.94
318.63
314.73
317.22
298.34
278.51
265.62
248.12
262.35
254.34
249.30
251.45
248.29
246.02
247.51
246.97
247.79
247.56
245.97
245.17
247.01
249.21
244.08
258.33
243.53
245.02
261.80
244.01
248.98
257.85
241.12
248.37
256.58
241.28
246.20
253.97
240.60
245.31
253.66
243.59
251.12
250.89
250.42
248.66
248.16
255.58
243.27
248.87
253.81
241.02
246.30
252.38
241.17
249.81
250.51
248.80
249.58
250.23
249.72
246.47
245.48
246.24
246.52
249.58
248.02
246.38
249.54
239.94
251.16
252.70
242.11
254.02
252.18
242.11
255.84
250.62
241.64
253.76
248.21
242.21
253.97
249.18
242.42
253.66
247.41
248.31
247.79
247.70
249.17
242.38
253.81
248.82
241.38
253.50
247.41
240.55
253.81
246.80
249.50
253.01
251.97
249.72
250.47
250.56
251.50
251.78
250.14
248.15
248.47
248.29
242.47
253.92
241.85
243.37
257.85
241.59
246.20
257.16
240.24
248.67
257.11
240.96
248.37
255.48
249.84
248.77
255.37
256.94
241.48
254.80
244.42
237.21
250.09
244.32
240.89
246.85
245.31
237.94
252.17
246.50
248.26
250.65
251.36
248.15
248.75
250.89
250.19
248.70
248.43
246.70
247.33
249.30
248.11
248.61
248.80
246.59
244.03
257.90
243.58
247.36
258.28
240.19
245.41
255.63
240.29
247.10
256.47
241.69
247.46
257.00
243.80
246.55
254.95
242.13
247.92
248.89
247.92
246.11
246.60
254.90
242.16
249.28
254.69
241.54
248.11
252.43
240.55
248.11
251.31
241.70
249.30
247.65
246.56
246.56
247.24
247.20
249.07
248.47
248.52
250.05
241.61
250.25
248.93
240.55
249.95
250.36
240.29
253.56
251.92
240.24
252.84
247.91
238.86
251.21
245.66
246.79
251.82
246.95
248.80
242.29
247.79
247.42
240.17
252.43
246.75
239.93
252.89
245.86
240.09
254.54
248.11
250.75
253.97
252.96
250.84
251.54
251.69
252.35
251.87
250.09
249.03
250.93
251.40
249.35
247.61
247.33
244.42
241.99
256.37
241.22
245.90
256.74
240.34
246.90
257.16
243.27
250.10
257.59
242.37
246.25
252.02
240.09
244.37
252.02
241.17
244.62
253.40
240.96
248.32
257.85
244.59
251.55
257.27
243.11
249.95
255.16
241.70
249.26
248.47
246.47
247.56
249.49
249.03
248.38
248.57
249.49
251.97
253.30
253.09
250.15
251.41
241.08
250.84
253.25
243.01
254.64
252.02
240.29
253.45
250.21
240.91
253.35
248.87
241.95
254.43
249.23
242.79
255.06
249.95
252.02
252.49
251.78
251.83
244.27
255.90
249.64
242.01
255.37
249.13
243.48
257.53
247.20
247.47
249.63
249.12
249.81
250.51
250.42
249.17
247.61
247.01
247.10
249.17
249.72
247.97
246.06
247.51
245.67
246.55
262.13
245.88
250.41
251.50
234.53
247.51
251.45
243.96
255.01
251.50
242.42
253.76
248.42
240.91
252.22
246.20
241.38
253.25
249.59
243.43
257.53
251.34
241.43
256.26
247.61
241.12
255.11
245.46
246.20
248.29
248.02
246.33
248.29
247.83
247.47
248.47
247.33
247.92
250.93
251.07
248.52
248.66
250.79
247.28
247.36
261.31
243.53
250.46
259.35
242.11
248.62
255.11
244.47
252.39
252.16
252.58
250.84
249.91
250.05
249.40
249.72
248.98
250.09
251.12
251.01
251.19
256.42
242.06
248.42
255.06
243.69
252.58
251.92
249.58
249.58
250.98
249.77
249.07
248.15
247.79
249.30
250.79
250.00
248.93
250.75
239.98
251.92
253.49
244.70
258.39
256.16
244.49
256.26
250.98
241.22
255.16
249.13
242.01
253.30
247.81
264.00
254.69
250.05
251.01
231.11
248.34
248.66
240.13
252.79
247.00
240.19
253.86
246.25
241.02
256.00
248.01
250.45
252.02
248.80
246.97
249.07
249.35
249.21
249.49
247.38
245.17
248.20
248.52
242.42
253.56
237.99
237.49
252.38
238.76
246.70
257.90
241.38
249.38
255.16
239.62
244.82
252.12
240.55
246.95
256.16
243.11
248.37
255.37
242.37
246.30
252.94
241.33
248.06
256.11
243.85
250.00
256.95
243.53
248.77
254.80
243.01
251.03
250.05
247.15
245.61
247.01
246.42
245.84
248.29
248.34
250.51
250.93
255.85
247.66
253.04
244.49
245.34
244.17
244.33
251.19
241.02
253.20
248.16
240.14
253.09
247.86
240.91
253.40
247.96
249.20
248.20
248.52
247.83
247.92
246.06
246.83
248.29
239.65
254.49
247.61
239.98
253.61
247.31
241.22
254.69
247.20
247.52
249.58
248.61
245.93
247.47
248.38
242.83
249.81
244.05
249.91
251.59
251.83
248.84
247.51
248.20
237.13
250.65
250.46
240.60
254.23
248.26
239.42
252.27
248.82
242.06
254.59
250.77
251.21
251.12
250.42
250.28
249.26
249.12
251.36
251.36
243.88
256.63
251.34
243.32
256.37
250.31
242.32
256.32
248.57
247.13
249.07
248.25
245.48
247.24
247.56
247.88
248.43
247.51
246.83
248.06
249.07
249.03
250.51
252.16
248.41
246.70
258.17
241.33
246.70
255.42
239.93
246.95
254.90
241.48
246.35
254.80
243.27
247.05
253.92
242.09
248.02
248.06
248.93
246.88
246.25
254.59
242.63
250.41
257.11
243.64
249.08
254.28
242.09
251.07
250.33
249.40
249.54
250.75
251.64
250.19
251.31
250.23
250.47
250.19
247.33
246.52
248.11
239.56
249.55
251.03
242.27
255.42
253.81
243.16
255.84
250.83
258.01
258.81
252.54
244.06
240.45
246.10
248.85
247.74
249.26
248.98
241.17
254.02
249.08
242.06
254.28
248.11
239.57
254.64
247.61
237.94
251.51
242.47
245.77
251.31
251.50
248.57
248.11
249.67
249.81
251.78
251.78
251.21
252.87
253.54
253.45
258.22
244.06
244.65
254.07
242.84
249.08
259.46
240.70
248.21
255.79
240.29
247.76
257.37
244.01
249.28
256.16
242.32
245.95
252.94
241.85
246.56
248.75
249.35
247.52
247.46
253.20
239.21
247.51
253.97
242.01
249.08
253.25
242.23
250.84
249.86
248.80
250.05
249.72
249.67
248.11
246.97
247.15
250.09
251.50
249.54
249.07
250.79
240.51
252.53
251.34
240.03
253.92
251.45
242.63
255.84
250.83
242.27
253.71
272.16
