2960.0
1360.0
819.39
384.91
261.84
248.95
253.54
235.54
252.27
253.02
233.97
259.62
250.83
233.14
262.68
240.50
242.47
263.85
234.16
249.13
258.12
234.31
249.28
259.62
231.93
258.34
242.63
250.05
256.59
234.16
249.00
249.18
234.02
255.58
252.18
234.02
259.95
243.64
242.28
262.90
227.52
253.86
253.39
234.95
255.48
252.23
234.26
262.96
243.11
240.94
262.63
235.84
245.61
261.64
229.93
248.37
258.76
234.46
254.45
259.30
232.27
256.70
239.62
253.09
253.39
233.58
253.40
253.39
235.94
257.48
250.83
233.67
264.35
241.02
246.90
263.29
236.39
248.67
260.27
236.99
250.00
255.32
232.37
257.46
240.91
245.77
257.46
233.43
256.00
253.07
235.99
257.48
256.11
235.59
260.05
242.11
245.21
258.61
238.30
256.16
254.82
237.89
256.68
254.23
234.51
258.76
241.54
240.74
261.42
239.47
246.45
260.92
234.95
249.69
260.11
236.24
252.81
257.53
231.26
254.50
237.79
253.25
255.09
234.85
255.16
257.68
237.54
260.76
252.86
232.56
265.08
239.06
242.42
261.96
233.28
247.71
260.05
234.85
250.52
257.27
227.60
252.81
239.73
250.25
257.96
235.64
256.11
256.11
235.39
258.92
253.07
229.32
255.25
240.34
248.41
259.44
237.69
253.09
256.38
237.44
254.33
253.60
232.95
256.21
242.63
236.62
264.80
234.21
245.71
264.80
235.84
250.88
262.18
233.58
248.93
258.81
231.36
255.73
237.29
254.69
258.94
232.70
254.07
254.18
234.80
258.65
251.55
234.85
263.62
237.59
245.76
259.46
233.04
247.81
257.90
234.16
246.60
257.85
230.45
252.96
238.40
249.40
255.30
234.02
254.59
252.86
234.80
248.62
257.53
233.77
255.25
240.91
245.96
256.05
236.19
256.63
252.96
233.82
251.41
253.28
235.10
257.05
243.43
243.01
267.35
234.95
247.46
264.07
233.58
248.01
259.08
232.65
250.62
256.26
234.02
258.61
239.32
254.85
254.61
234.36
256.58
253.12
234.41
257.59
249.64
231.50
263.07
237.44
246.35
265.25
234.41
247.76
260.92
234.60
251.29
257.85
231.31
253.97
240.45
250.00
258.12
234.51
245.71
256.79
233.14
251.92
259.57
231.88
254.50
240.96
244.61
255.46
234.36
253.09
252.75
232.99
256.90
254.93
232.37
260.65
240.39
241.13
261.64
237.74
244.67
262.63
231.36
247.71
261.31
235.24
251.86
245.67
246.15
254.87
237.14
255.63
257.57
234.46
253.35
251.08
237.04
261.64
252.54
231.26
263.12
236.94
244.77
264.74
231.02
249.85
259.95
234.16
251.71
259.68
234.02
253.70
238.86
242.09
267.98
232.17
249.33
260.65
236.59
250.26
257.53
235.29
254.02
242.79
245.62
257.52
236.29
259.08
253.49
235.39
254.28
252.28
233.92
259.84
240.45
238.81
261.42
235.29
245.11
260.98
232.32
246.40
259.51
234.02
252.07
245.67
246.30
257.19
234.70
253.71
255.46
235.69
258.71
259.11
234.95
259.41
253.07
234.06
262.90
238.50
244.52
260.00
232.70
248.62
260.76
233.92
255.41
254.29
232.03
264.46
239.27
243.20
263.29
234.31
245.76
258.39
236.49
250.83
259.57
229.18
257.08
238.25
247.28
257.03
235.20
253.40
253.49
237.54
256.68
250.93
235.29
262.13
242.32
241.27
265.98
234.95
248.16
261.69
235.20
251.97
260.22
233.19
249.54
258.39
230.41
259.28
239.73
254.12
256.87
235.24
256.00
253.28
234.51
260.38
253.86
231.26
259.14
241.43
246.40
