4220.0
3370.0
3110.0
2960.0
2540.0
2310.0
1830.0
1360.0
1040.0
890.50
850.01
819.39
647.11
522.24
444.11
384.91
331.46
300.98
289.89
261.84
240.00
244.47
234.51
248.95
264.12
267.18
255.58
253.54
232.03
224.00
247.71
235.54
251.87
255.35
233.92
252.27
251.24
233.67
253.50
253.02
235.00
254.23
253.65
233.97
257.48
254.13
234.75
259.62
250.67
232.17
258.39
250.83
234.51
263.74
245.35
233.14
261.36
239.67
239.28
262.68
241.38
242.04
264.57
240.50
243.74
264.02
236.49
242.47
260.11
235.59
245.90
263.85
234.95
245.76
260.71
234.16
250.62
264.35
236.29
249.13
259.73
233.24
247.66
258.12
233.43
249.23
259.03
234.31
249.08
256.95
232.46
249.28
257.80
235.24
253.28
259.62
234.46
252.44
257.21
231.93
254.61
258.92
234.90
258.34
244.59
236.74
259.39
242.63
248.36
254.45
236.99
250.05
258.06
238.50
253.56
256.59
235.89
252.12
255.41
234.16
252.22
254.34
231.69
249.00
249.95
228.25
247.08
249.18
229.84
252.58
252.75
234.02
254.28
250.88
233.53
255.58
253.70
235.44
257.69
252.18
234.16
258.17
252.23
234.02
258.28
251.40
231.74
259.95
242.37
231.40
262.79
243.64
242.42
264.02
241.90
242.28
264.29
240.24
243.79
262.90
236.59
244.18
261.53
227.52
245.36
254.66
226.90
253.86
255.09
233.58
253.56
253.39
232.99
253.76
254.66
234.95
256.00
254.18
234.95
255.48
252.91
234.02
255.42
252.23
232.56
258.49
252.33
234.26
260.22
253.12
236.29
262.96
253.60
233.38
261.14
243.11
233.43
263.62
241.69
240.94
262.63
238.91
241.70
262.63
238.50
243.83
262.07
235.84
242.47
260.65
235.20
245.61
262.02
234.65
247.76
261.64
233.33
245.26
256.74
229.93
245.21
257.21
232.56
248.37
258.60
234.16
247.71
258.76
234.11
251.50
261.74
234.46
253.70
260.00
234.65
254.45
259.46
234.16
254.55
259.30
233.67
254.82
241.59
232.27
253.92
242.06
249.20
256.70
240.96
249.70
258.01
239.62
252.12
257.35
237.39
253.09
257.19
234.46
251.97
253.39
231.93
253.50
253.81
233.58
253.14
251.76
232.41
253.40
254.50
235.69
256.16
253.39
234.16
255.11
253.33
235.94
257.37
253.44
233.67
257.48
252.49
233.24
259.14
250.83
232.27
260.65
251.40
233.67
263.07
242.32
234.26
264.35
243.00
243.25
263.90
241.02
244.77
267.29
239.98
246.90
264.13
236.64
247.25
263.29
235.64
248.93
265.02
236.39
251.66
264.57
236.09
248.67
259.24
233.14
247.31
260.27
236.39
249.33
261.69
236.99
251.08
261.80
235.44
250.00
257.27
232.46
248.98
255.32
231.12
249.90
256.16
232.37
253.12
257.85
233.97
257.46
244.54
233.63
255.68
240.91
245.91
254.18
236.04
245.77
254.93
237.49
252.02
257.46
236.74
252.33
254.82
233.43
252.68
255.09
233.92
256.00
255.78
233.97
255.58
253.07
234.31
255.79
253.18
235.99
256.42
254.39
237.49
257.48
255.89
236.39
260.27
256.11
238.25
264.80
255.30
235.59
258.55
249.49
231.50
260.05
242.90
231.36
261.80
242.11
242.42
258.67
237.09
245.21
258.78
240.86
250.55
258.61
240.39
256.32
261.56
238.30
255.63
258.56
235.99
256.16
257.41
235.54
255.63
254.82
234.02
255.32
256.70
237.89
258.33
255.14
236.04
256.68
255.03
237.19
258.39
254.23
234.46
257.90
250.46
234.51
259.14
250.83
234.95
258.76
242.95
231.40
259.41
241.54
239.09
262.63
241.64
240.74
261.96
238.04
239.56
261.42
237.94
244.32
264.86
239.47
246.30
265.53
236.99
246.45
264.46
234.26
248.37
260.92
232.08
246.70
258.65
234.95
251.86
263.40
237.64
249.69
258.49
232.99
248.82
260.11
236.74
253.54
262.24
236.24
253.70
259.41
234.70
252.81
256.37
233.43
252.44
257.53
233.58
254.18
241.02
231.26
253.07
239.57
246.30
254.50
237.69
247.23
256.11
237.79
251.61
257.08
237.29
253.25
257.57
236.14
251.71
255.09
232.75
253.14
256.43
234.85
255.90
256.49
234.21
255.16
254.23
235.59
258.55
257.68
239.52
261.09
257.68
237.54
258.92
253.49
234.75
260.76
254.50
235.54
262.68
252.86
234.26
260.65
249.64
232.56
261.74
252.65
237.09
265.08
243.16
232.46
259.95
239.06
241.75
264.13
238.70
242.42
260.87
233.92
243.49
261.96
234.46
246.85
262.30
233.28
246.90
259.19
232.99
247.71
262.68
236.54
249.49
260.05
234.16
248.11
259.24
234.85
248.26
258.33
233.77
250.52
259.68
235.29
251.97
257.27
230.79
245.66
251.21
227.60
249.69
257.69
231.60
252.81
240.76
230.12
253.81
239.73
246.69
255.68
239.88
250.25
257.57
239.62
252.22
257.96
238.15
253.76
257.79
235.64
253.40
255.52
234.41
256.11
255.46
234.95
256.79
256.11
237.14
257.05
253.07
235.39
255.53
254.82
237.24
258.92
255.78
235.15
259.95
253.07
234.06
251.76
248.32
229.32
248.62
255.27
232.61
255.25
245.18
233.19
254.55
240.34
245.62
254.77
241.12
248.41
257.41
240.14
250.20
259.44
239.62
254.90
260.66
237.69
252.38
255.41
234.02
253.09
256.92
235.79
255.11
256.38
235.74
256.63
257.30
237.44
257.00
253.92
234.80
254.33
252.18
234.31
255.53
253.60
233.58
257.53
250.62
232.95
257.90
249.44
231.07
256.21
248.82
230.55
260.54
242.63
231.64
260.22
238.65
236.62
260.76
240.60
242.76
264.80
236.99
240.36
260.27
234.21
243.20
262.74
235.10
245.71
263.12
233.97
247.51
264.80
237.04
251.19
263.74
235.84
249.03
261.64
237.04
250.88
262.85
236.74
250.77
262.18
237.04
252.60
261.69
233.58
249.85
256.90
229.89
248.93
254.69
230.74
253.65
258.81
233.72
254.98
241.02
231.36
253.65
240.60
247.23
255.73
241.02
248.75
255.73
237.29
248.31
255.25
238.04
254.69
261.84
239.52
257.69
258.94
233.72
253.50
252.49
232.70
254.43
255.62
234.21
254.07
253.07
233.87
256.74
254.18
234.85
255.90
253.86
234.80
257.85
253.39
233.43
258.65
251.08
232.95
257.85
251.55
234.21
262.52
253.97
234.85
265.53
244.59
235.05
263.62
240.50
240.55
262.07
237.59
242.86
263.46
237.84
245.76
261.85
234.26
242.52
259.46
232.85
245.41
261.25
233.04
247.66
261.14
233.67
247.81
259.46
233.24
246.80
257.90
232.90
247.56
259.41
234.16
247.86
257.32
230.26
246.60
255.32
230.26
250.41
257.85
233.28
252.91
256.84
230.45
250.93
240.34
229.60
252.96
239.62
244.75
253.44
238.40
246.01
255.41
238.81
249.40
256.97
236.74
249.90
255.30
234.02
250.15
254.23
234.02
253.56
257.08
236.69
254.59
255.25
234.46
253.40
252.86
233.77
248.11
253.23
234.80
248.57
258.22
232.90
248.62
258.17
231.60
250.10
257.53
233.67
254.18
259.08
233.77
253.33
257.64
232.80
255.25
243.00
232.70
255.30
240.91
246.20
254.13
237.94
245.96
254.66
236.39
248.51
256.05
235.89
250.80
257.41
236.19
253.86
259.00
236.44
256.63
257.08
234.26
253.66
252.96
233.53
255.48
253.23
233.82
253.45
249.18
231.93
251.41
250.05
232.70
254.38
253.28
235.10
260.33
254.93
235.10
258.81
250.31
231.26
257.05
250.15
233.19
262.68
243.43
232.65
261.20
240.55
243.01
265.93
243.27
246.00
267.35
240.34
244.87
263.40
234.95
244.27
263.18
234.41
247.46
264.24
234.80
250.31
264.07
235.10
249.08
261.47
233.58
248.37
260.16
234.06
248.01
258.22
234.36
248.52
259.08
235.34
249.28
258.60
232.65
248.47
257.43
231.02
250.62
256.68
229.84
252.54
256.26
232.61
256.81
243.37
234.02
256.27
243.00
249.40
258.61
241.22
250.85
259.61
239.32
254.12
258.83
238.55
254.85
256.65
233.92
251.31
254.61
233.87
254.54
255.62
234.36
254.07
254.02
234.46
256.58
255.25
236.59
256.53
253.12
234.51
255.58
253.28
234.41
256.84
251.81
232.65
257.59
252.75
232.27
258.44
249.64
229.51
259.57
241.12
231.50
262.35
242.06
242.09
263.07
240.39
240.70
261.53
237.44
242.96
263.68
237.54
246.35
263.96
237.29
248.11
265.25
236.69
248.42
263.07
234.41
248.47
260.54
233.28
247.76
260.43
236.59
250.83
260.92
235.49
248.06
259.08
234.60
250.00
260.38
234.06
251.29
258.22
233.82
252.13
257.85
231.88
250.36
254.75
231.31
254.77
242.63
233.38
253.97
239.98
247.03
255.25
240.45
248.90
256.59
238.40
250.00
256.65
237.44
253.25
258.12
236.39
247.20
257.08
234.51
247.00
259.68
231.55
245.71
256.42
231.17
244.72
256.79
234.55
247.81
258.39
233.14
247.05
260.43
235.84
251.92
262.02
235.05
253.65
259.57
233.04
250.67
256.21
231.88
252.33
256.90
231.36
254.50
242.79
233.92
256.97
240.96
245.28
252.33
235.69
244.61
253.39
235.79
248.41
255.46
235.84
250.05
256.11
234.36
252.58
256.27
232.37
253.09
252.91
232.22
253.81
252.75
232.51
254.43
251.14
232.99
255.21
252.39
235.94
256.90
254.66
236.24
259.30
254.93
235.20
259.08
251.24
232.37
259.24
251.14
233.24
260.65
242.16
230.88
259.57
240.39
239.84
263.62
241.33
241.13
263.40
237.34
241.22
261.64
234.60
242.23
262.63
237.74
247.51
265.36
234.60
244.67
259.84
232.56
247.71
262.63
234.55
247.66
259.08
231.36
245.86
256.90
233.28
247.71
258.97
235.20
249.90
261.31
236.59
253.39
260.43
235.24
251.40
256.47
233.14
251.86
260.49
235.59
255.89
245.67
232.37
254.23
241.22
246.15
254.55
240.96
247.13
254.87
238.25
247.62
256.27
237.14
251.82
258.34
238.30
255.63
259.83
237.44
256.00
257.57
234.02
254.12
255.09
234.46
254.95
254.13
232.61
253.35
250.52
232.56
252.94
251.08
235.29
257.00
255.62
237.04
260.65
255.19
236.49
261.64
254.18
235.99
261.69
252.54
233.48
260.11
242.11
231.26
261.91
242.42
240.94
263.12
239.78
239.56
260.33
236.94
241.03
263.57
238.35
244.77
264.13
236.94
247.56
264.74
235.20
246.45
259.68
231.02
244.67
260.05
235.15
249.85
263.35
235.79
248.87
259.95
234.11
247.15
258.60
234.16
248.52
259.08
232.90
251.71
258.92
234.85
255.52
259.68
236.84
255.46
258.44
234.02
254.29
242.01
231.02
253.70
240.76
240.03
254.98
238.86
239.79
261.20
237.69
242.09
264.07
237.79
246.70
267.98
237.44
248.01
263.51
232.17
247.10
261.80
234.95
249.33
261.36
234.46
248.01
260.65
236.29
251.81
261.85
236.59
249.90
260.11
235.00
250.26
259.24
233.09
251.14
257.53
233.67
251.76
258.60
235.29
253.44
244.01
232.03
254.02
258.33
248.90
257.46
242.79
232.85
254.23
237.74
245.62
253.60
237.49
250.40
257.52
239.06
252.99
258.94
236.29
253.97
259.28
236.49
259.08
259.16
236.14
254.95
253.49
233.63
254.12
254.45
235.39
254.18
252.28
232.80
254.28
252.86
233.43
257.74
252.28
235.79
261.09
252.86
233.92
257.48
249.28
230.93
259.84
250.21
232.61
262.13
240.45
231.12
259.68
238.45
238.81
260.11
236.14
240.46
261.42
235.64
242.91
262.02
235.29
244.32
262.02
232.90
245.11
262.35
233.04
247.56
260.98
232.41
247.81
259.08
232.32
247.46
256.42
232.51
246.40
255.90
233.33
247.56
259.51
235.15
250.98
259.35
234.02
251.97
258.71
233.48
252.07
257.11
232.75
255.78
245.67
235.34
256.38
241.33
246.30
253.12
238.96
246.88
257.19
240.50
250.96
256.87
234.70
248.61
253.81
235.34
253.71
259.72
237.49
254.54
255.46
234.21
255.01
256.87
235.69
255.74
255.25
236.09
258.71
256.97
239.32
260.71
259.11
238.55
260.27
255.95
234.95
260.71
252.96
234.80
259.41
252.02
235.10
261.03
253.07
233.58
261.58
241.74
234.06
263.74
243.00
243.01
262.90
239.62
242.04
263.96
238.50
244.03
262.85
236.89
244.52
262.24
234.02
244.18
260.00
231.31
245.90
259.57
232.70
247.05
259.57
234.06
248.62
261.69
236.24
250.31
260.76
234.80
247.66
259.03
233.92
249.69
261.64
235.29
255.41
256.87
229.68
256.32
254.29
234.85
261.03
249.85
232.03
261.74
251.75
234.60
264.46
242.27
234.55
264.35
239.27
242.62
264.63
237.44
243.20
260.87
233.72
243.88
263.29
236.64
248.72
263.96
234.31
246.95
259.51
232.80
245.76
260.38
233.04
247.41
258.39
231.74
247.46
260.05
236.49
251.60
261.53
233.67
250.83
259.03
234.51
253.18
259.57
233.53
251.14
255.32
229.18
253.02
243.64
233.24
257.08
240.70
245.19
253.81
238.25
245.57
254.23
235.99
247.28
255.30
236.89
251.82
257.03
237.09
252.33
258.39
235.20
252.79
255.46
231.69
253.40
253.23
233.67
254.18
253.49
235.99
256.37
255.41
237.54
256.00
254.02
235.94
256.68
253.39
232.80
256.11
250.93
234.11
260.82
253.33
235.29
262.02
253.23
235.05
262.13
251.24
232.75
261.09
242.32
233.58
263.57
241.95
241.27
264.07
241.22
244.03
265.98
237.69
242.81
262.13
234.95
245.06
264.97
235.59
248.16
263.57
233.09
248.77
261.69
234.75
249.08
261.69
235.20
249.85
260.87
237.24
251.97
263.18
238.65
251.24
260.22
234.41
251.34
258.01
233.19
249.95
255.32
231.21
249.54
255.32
230.64
253.44
258.39
233.92
257.14
240.45
230.41
253.70
240.29
249.75
259.28
242.11
251.26
258.06
239.73
251.87
257.46
237.09
254.12
258.06
235.54
256.42
256.87
234.95
254.18
254.02
235.24
256.74
257.25
236.59
256.00
253.81
235.00
254.90
253.28
235.69
257.27
254.61
234.51
259.41
254.34
235.89
260.38
251.19
233.38
260.27
253.86
235.05
262.41
242.69
231.26
259.62
238.10
237.83
259.14
237.29
242.23
266.15
241.43
247.81
267.24
239.37
246.40
263.96
234.51
257.48
