4380.0
3430.0
3150.0
3000.0
2540.0
2550.0
2150.0
1790.0
1380.0
953.25
706.45
632.63
601.95
557.45
482.76
408.76
349.76
319.57
325.95
316.83
303.41
296.59
278.31
270.09
256.64
250.51
246.02
244.10
243.30
244.19
242.12
242.91
246.02
235.52
245.09
246.40
237.79
249.85
248.32
238.91
248.01
245.41
236.49
245.86
245.41
237.64
250.00
249.64
241.02
251.71
250.98
240.60
252.48
250.72
240.19
252.43
246.75
236.94
248.41
242.23
245.67
246.29
244.81
245.26
244.81
246.52
247.61
246.24
246.74
246.56
247.20
246.61
244.01
243.17
243.65
242.33
239.23
252.73
239.88
241.56
252.48
236.54
240.51
251.31
236.94
239.51
250.25
235.69
240.13
252.84
238.25
242.33
251.87
236.84
241.03
252.43
237.94
245.01
256.53
240.19
245.41
253.92
238.45
244.52
252.53
246.36
244.72
251.06
240.51
239.72
245.26
243.61
244.50
245.84
245.43
248.25
248.52
247.92
248.38
245.66
244.32
244.72
248.80
240.13
249.50
249.08
239.42
249.60
246.55
238.40
247.67
245.21
235.99
246.20
245.01
236.94
247.82
246.20
239.98
250.25
249.13
238.65
368.43
