4560.0
3550.0
3210.0
3060.0
2560.0
2410.0
1940.0
1500.0
676.26
633.45
597.73
610.91
584.47
513.00
446.71
389.48
328.42
331.08
336.91
324.10
330.80
322.80
323.74
335.33
340.81
338.69
337.65
334.71
324.64
334.65
333.52
334.89
334.02
334.45
333.83
335.33
339.65
342.38
343.30
342.90
343.23
343.23
345.08
345.21
343.95
341.85
340.04
339.20
340.81
340.81
340.17
340.43
341.40
341.40
342.18
342.31
340.62
340.17
340.81
341.46
340.75
340.68
340.30
337.99
337.35
338.30
339.33
342.38
343.62
344.22
342.51
336.16
336.91
336.63
338.81
344.30
344.95
343.82
345.48
346.35
344.68
347.22
345.28
346.08
347.02
346.82
347.22
345.08
344.42
344.28
346.48
339.45
338.56
338.97
336.57
345.01
345.88
345.55
346.15
346.28
347.49
346.62
345.55
344.88
345.35
347.56
351.72
353.33
353.92
350.85
347.54
348.37
347.22
347.69
346.62
344.95
343.89
339.83
339.11
339.18
340.23
362.24
349.55
350.34
343.26
320.70
336.26
336.05
344.51
350.00
352.13
351.92
351.03
348.16
347.62
348.37
346.95
348.71
347.29
347.96
349.93
350.75
353.45
353.17
352.62
352.83
352.13
351.23
350.96
349.93
350.82
369.10
349.36
349.80
347.06
320.36
342.28
342.43
343.94
352.48
354.50
353.52
353.52
350.89
347.69
347.22
345.35
346.68
348.37
349.86
352.96
353.03
353.17
352.34
350.89
349.26
347.83
346.69
344.72
344.81
344.62
345.88
341.05
341.68
341.26
338.83
342.12
342.12
341.79
343.36
344.42
344.75
345.48
345.01
346.28
344.75
344.95
346.35
345.28
348.84
349.98
349.04
349.91
348.54
348.10
342.53
341.82
341.89
338.90
345.01
346.48
345.75
347.40
348.54
349.11
349.04
350.41
347.62
345.55
344.88
342.77
344.68
344.22
344.95
346.01
346.01
346.41
348.23
345.55
338.97
340.50
337.39
342.25
349.59
354.22
355.63
353.24
352.48
348.77
348.64
350.41
349.93
350.27
350.21
349.11
350.99
342.51
341.24
341.40
340.77
347.22
347.29
349.32
348.91
348.98
350.82
347.35
346.82
347.02
346.28
350.14
351.37
354.36
356.55
355.33
356.15
355.63
349.14
347.76
346.59
346.52
353.38
353.17
353.17
351.72
364.30
350.63
352.45
344.16
326.02
342.36
339.84
347.33
349.18
348.64
349.52
348.98
347.22
347.42
346.15
346.48
346.68
348.71
349.05
348.77
351.10
351.10
350.48
353.17
351.03
349.80
352.83
350.48
352.83
353.45
350.89
371.78
328.79
344.62
345.01
328.75
369.73
355.20
349.07
349.87
345.51
346.96
350.85
347.75
348.33
344.37
348.03
350.48
344.87
346.16
346.96
346.02
353.87
342.44
356.08
349.32
346.41
352.62
335.35
342.38
346.08
351.86
372.87
358.79
357.58
356.83
339.34
353.52
351.10
354.64
340.84
340.91
344.09
343.09
356.97
356.55
354.71
353.03
350.34
350.55
351.14
349.76
351.94
353.55
352.76
355.27
354.01
351.37
353.17
352.20
355.06
376.08
355.25
353.37
347.97
329.96
347.40
339.32
341.76
340.35
341.61
349.11
347.42
347.29
347.22
346.68
348.16
350.27
350.75
352.20
351.65
351.51
351.72
354.64
355.70
354.22
353.03
350.14
348.37
347.22
346.68
346.41
346.35
348.03
350.00
350.05
343.11
341.02
339.25
338.14
343.89
344.55
344.28
345.75
347.56
346.35
347.62
347.42
348.57
352.20
350.75
351.44
350.07
347.83
348.03
347.49
348.71
350.82
351.10
350.07
348.37
346.08
346.68
349.45
349.80
350.14
350.62
346.82
346.55
346.01
343.76
344.35
344.09
345.95
346.62
345.81
345.35
343.49
342.51
342.70
342.51
342.25
342.97
345.61
347.89
347.62
348.37
348.71
347.56
351.10
352.76
352.34
352.55
350.48
350.21
351.23
345.66
345.87
340.80
361.21
331.22
347.26
349.39
332.59
358.19
345.01
346.45
342.88
351.17
350.07
351.79
354.43
353.31
336.21
349.03
359.62
342.12
351.23
337.25
326.40
343.23
349.93
362.51
348.54
350.92
344.92
330.10
344.23
343.59
351.30
354.15
353.45
360.15
350.70
349.83
348.97
340.95
346.62
344.22
344.81
344.68
343.10
346.68
347.83
348.98
352.41
348.64
345.41
347.02
346.41
347.83
351.03
350.34
344.16
343.94
344.37
343.87
349.83
350.12
350.34
349.62
349.11
350.75
348.84
347.83
341.54
340.36
338.14
337.59
343.49
343.30
345.08
350.41
352.06
351.44
352.48
347.56
345.01
343.95
344.81
344.48
346.35
350.00
347.90
343.33
341.46
339.17
338.97
345.15
345.88
345.35
347.76
347.62
348.43
347.49
346.28
346.88
349.18
350.21
350.14
350.82
347.83
349.11
348.64
345.55
345.41
343.23
343.03
345.08
348.16
349.66
348.10
348.43
345.88
344.35
346.88
346.88
347.02
347.56
348.03
341.61
338.88
330.12
329.67
335.40
337.32
344.75
344.68
344.42
352.94
345.21
344.58
344.58
341.15
350.00
349.05
347.69
344.48
341.72
340.88
342.90
340.49
343.30
347.76
341.05
339.76
336.55
334.26
339.61
340.94
341.92
339.01
340.04
340.88
341.66
342.25
341.07
339.97
338.30
337.48
341.66
343.89
365.79
348.48
345.30
345.73
326.53
345.81
346.08
346.08
346.68
346.08
347.09
346.69
335.54
336.99
338.15
339.11
347.96
347.22
346.55
347.35
349.45
349.25
347.42
345.48
344.62
346.68
347.56
349.05
349.59
346.62
349.11
347.02
347.42
347.96
346.82
346.21
344.62
345.41
343.95
344.68
346.35
344.95
345.88
345.48
343.36
344.95
343.62
344.75
345.15
344.28
343.76
343.89
342.77
341.07
339.20
336.59
337.54
337.73
341.92
343.36
344.15
347.62
348.10
350.21
350.21
347.02
344.28
343.89
342.51
342.51
344.28
351.65
339.10
338.88
339.10
330.70
344.95
346.21
344.95
346.88
348.16
348.50
348.71
345.95
343.56
344.88
343.95
346.01
348.03
367.29
333.20
351.99
365.07
327.30
362.02
343.59
329.13
347.83
349.05
351.03
353.73
352.89
354.50
352.89
351.44
349.32
344.30
331.92
330.59
331.50
335.15
344.88
345.95
348.43
348.43
349.11
352.20
350.21
351.99
371.78
354.89
358.18
357.05
338.39
354.71
351.92
351.23
352.62
348.91
349.59
351.79
350.41
352.96
345.51
341.24
341.09
360.29
349.30
353.82
357.00
338.07
353.17
351.72
348.37
347.35
348.16
347.29
348.10
349.45
350.07
336.72
355.16
353.01
351.71
358.40
340.84
342.25
344.16
351.72
349.86
370.86
356.98
350.00
345.05
322.81
336.48
346.48
351.65
352.55
354.15
351.23
349.73
350.00
350.68
349.80
352.13
350.21
344.97
346.29
347.51
362.39
358.11
358.19
355.20
340.29
348.04
350.41
350.41
351.79
353.66
353.17
357.54
359.41
363.27
363.19
361.44
359.33
355.77
355.56
353.87
354.99
355.49
355.06
354.64
353.24
353.94
353.59
353.45
352.62
352.06
352.76
352.62
354.01
342.11
340.01
338.28
337.18
347.96
345.81
346.15
344.62
344.02
346.01
345.41
343.82
342.05
341.40
341.27
343.43
345.35
345.21
344.62
343.82
346.08
346.48
348.98
347.49
345.81
348.16
341.12
340.70
344.16
342.11
347.19
349.33
347.26
346.76
347.29
347.29
344.09
342.31
343.69
345.01
347.29
349.59
348.64
347.83
347.29
341.26
341.05
341.82
341.89
347.68
348.54
346.26
345.98
345.41
347.69
349.80
350.55
352.69
350.62
351.03
349.93
348.98
347.42
345.68
346.82
346.55
348.16
348.64
347.56
345.95
345.21
345.95
346.62
347.35
346.48
347.89
346.88
349.11
350.41
349.18
350.07
348.16
348.23
348.10
348.10
349.11
349.80
348.77
349.05
349.80
347.76
348.43
347.15
346.15
346.41
347.56
349.32
351.23
352.06
352.13
342.53
338.15
341.24
340.20
350.56
352.34
348.91
347.49
347.62
346.41
346.88
346.88
342.34
342.03
343.09
345.09
352.06
353.94
353.66
370.48
356.60
355.33
355.33
339.20
348.64
348.23
348.50
347.02
347.29
348.91
348.33
340.28
339.69
359.55
341.79
351.20
351.72
332.93
347.76
346.35
345.35
345.88
345.70
346.07
348.90
349.98
370.71
349.65
350.02
347.97
329.31
348.77
347.49
347.69
347.02
348.37
351.65
352.96
360.83
355.78
343.63
341.24
353.40
348.37
355.48
337.65
330.02
340.06
341.66
359.05
349.76
348.54
347.47
343.48
345.03
346.93
347.41
354.85
339.46
351.13
362.20
346.75
357.47
345.80
333.20
346.82
352.13
348.64
351.37
354.15
351.65
350.07
347.89
344.48
343.43
342.84
343.03
342.84
343.30
343.10
341.92
342.12
343.62
345.21
345.48
348.84
349.59
349.86
351.99
351.72
349.73
351.51
349.52
348.23
348.37
347.96
348.37
348.04
347.83
346.12
345.98
345.95
345.81
347.15
345.68
346.48
347.89
347.35
349.39
348.77
349.11
351.58
345.44
345.16
344.80
340.15
346.82
348.10
347.29
349.93
348.30
347.96
348.10
348.64
349.66
348.30
366.24
350.70
344.24
340.98
321.96
338.15
345.63
350.89
352.20
350.68
351.51
351.44
352.41
355.20
352.27
346.55
344.21
343.34
345.85
351.51
356.12
357.33
355.63
371.25
357.28
353.78
355.03
337.98
346.82
347.56
349.39
350.96
354.36
355.49
352.20
352.13
343.02
338.51
338.00
336.19
344.65
346.95
347.49
347.89
346.15
347.22
350.34
351.44
351.58
350.75
350.68
349.11
350.62
351.10
348.84
348.91
347.29
347.15
345.81
345.61
345.35
344.88
345.68
346.68
347.56
348.30
349.66
349.45
350.96
351.37
349.86
351.51
350.14
349.73
349.11
340.76
340.69
341.55
341.95
348.84
350.68
348.16
352.20
352.55
351.44
350.34
339.10
336.55
335.46
340.20
346.90
347.68
346.95
345.41
346.28
347.42
347.89
348.10
347.83
347.96
349.73
347.62
345.61
344.09
339.39
340.94
341.07
338.62
340.55
341.53
342.51
345.48
347.35
348.30
348.23
349.32
347.49
345.21
345.08
344.55
344.88
346.95
346.48
346.68
347.69
348.64
351.99
352.96
353.45
345.87
343.71
340.94
338.66
343.95
343.36
343.10
344.75
348.71
348.37
350.48
351.17
349.45
350.55
348.50
346.01
360.13
342.18
343.31
344.44
329.05
346.21
345.21
345.88
345.81
347.49
349.52
349.66
351.03
352.34
351.14
343.33
340.13
334.61
333.80
340.04
342.12
344.62
346.21
345.95
346.15
347.89
346.82
347.76
346.75
345.55
347.96
349.11
350.75
350.62
348.71
346.75
344.62
344.75
347.09
347.29
346.88
346.28
345.55
347.02
348.57
348.91
347.96
346.48
345.48
346.21
345.68
345.75
346.48
345.28
346.15
347.56
345.68
346.35
347.49
345.75
347.42
346.82
346.68
347.29
345.28
345.75
343.76
343.76
346.21
346.62
347.89
347.22
348.37
348.61
340.80
342.81
340.72
340.29
347.35
346.01
346.01
346.62
347.35
347.02
348.71
350.48
351.10
352.62
352.13
349.86
347.56
346.35
346.21
346.08
346.62
346.88
346.08
346.15
346.01
347.09
348.84
349.52
352.48
351.99
354.01
353.66
351.03
351.23
348.10
348.16
347.76
345.95
345.61
345.08
345.28
346.68
348.43
348.37
346.55
346.15
343.89
344.75
346.55
349.11
350.48
350.75
352.83
351.51
352.48
352.06
351.44
351.44
350.34
342.88
340.57
342.06
341.17
347.54
348.16
347.42
348.77
348.84
348.71
348.16
349.05
349.39
350.41
351.86
349.05
350.27
351.37
350.75
351.30
350.82
349.66
350.14
349.45
351.03
348.71
346.15
347.56
347.56
348.37
348.23
347.35
344.42
345.35
344.95
344.02
346.68
346.15
346.82
347.89
346.08
347.29
348.98
348.30
349.52
346.88
345.95
347.56
345.48
348.64
350.96
352.20
354.01
353.45
351.58
349.86
348.98
348.98
341.89
340.06
339.54
338.37
343.46
344.09
345.01
346.01
348.30
346.41
347.15
347.89
348.37
351.17
351.58
348.98
346.82
346.55
345.75
346.95
349.32
348.57
346.28
345.81
343.95
343.49
344.95
345.88
346.28
346.41
346.15
345.75
345.48
345.21
345.48
338.40
338.92
340.29
341.95
349.59
350.21
350.07
351.10
354.08
354.92
353.38
349.52
346.55
344.95
345.15
345.41
346.08
346.68
347.89
349.80
347.42
348.16
347.96
347.62
351.99
350.85
344.01
343.18
337.86
337.18
344.48
344.81
345.95
347.09
346.35
344.95
347.22
345.75
346.48
348.64
346.08
346.21
345.55
346.01
346.88
348.43
347.96
346.28
346.48
345.95
346.75
348.43
348.16
349.32
350.82
350.55
351.79
352.41
349.80
347.89
346.15
345.75
345.41
345.48
345.55
343.69
347.29
350.00
349.45
351.23
349.25
347.29
349.11
348.71
346.62
346.15
345.28
344.02
344.95
345.08
345.08
348.23
351.17
352.27
353.26
343.03
340.13
337.57
336.50
342.97
343.10
344.28
345.95
346.95
347.42
347.89
345.88
345.28
344.88
344.62
345.88
346.01
345.68
345.68
344.95
346.48
346.21
346.08
345.95
346.28
348.77
349.45
353.10
353.45
351.99
351.99
350.48
347.83
346.35
344.42
343.23
342.90
342.97
344.02
342.70
344.15
344.95
348.03
349.18
348.71
349.86
346.35
345.08
345.95
345.75
346.75
347.29
348.77
348.43
347.83
347.83
347.49
348.98
349.76
342.73
339.98
336.63
336.50
343.56
346.15
347.35
347.09
346.48
346.82
347.89
352.96
353.31
351.99
350.96
362.39
347.17
346.31
346.38
330.75
346.15
347.29
346.68
346.41
346.82
346.95
349.66
350.62
351.23
350.99
341.17
339.17
337.20
338.76
344.55
347.49
350.75
348.23
349.11
347.49
347.29
346.82
347.35
346.48
344.09
345.48
344.81
348.84
349.73
348.57
347.76
345.08
344.22
343.95
344.75
344.68
345.61
347.69
349.66
349.73
350.96
351.10
349.25
347.89
346.08
345.28
344.42
344.95
343.56
343.16
345.61
345.21
348.98
350.07
349.59
350.96
348.37
345.88
345.95
345.08
344.88
346.21
345.55
346.62
349.45
350.21
351.37
349.93
348.11
339.98
338.08
337.71
336.57
341.72
341.98
341.53
342.12
343.43
343.03
344.28
345.21
345.81
345.55
346.68
345.95
362.31
353.19
353.11
354.37
336.44
347.49
346.82
344.81
347.09
346.01
349.05
352.34
352.69
347.54
343.41
340.06
337.79
342.21
342.05
341.01
341.66
344.88
345.81
347.15
348.84
346.55
347.42
347.42
345.75
345.75
360.35
344.01
343.52
343.94
330.68
345.75
347.42
346.35
344.09
347.56
