4320.00
3400.00
3090.00
2960.00
2520.00
2520.00
2520.00
2530.00
2310.00
1840.00
1440.00
946.83
625.81
578.31
473.12
439.86
386.40
340.28
335.25
344.09
339.60
341.47
314.83
286.02
302.06
267.96
274.46
275.52
256.00
285.05
276.04
281.18
298.52
283.35
300.33
291.18
264.78
279.64
265.95
279.31
284.75
273.40
280.94
299.07
278.92
291.93
284.19
277.86
297.76
296.78
314.02
295.08
292.91
285.66
283.24
282.45
287.60
268.58
262.51
260.42
259.39
268.91
265.56
260.05
258.90
261.98
263.28
281.48
306.26
305.18
326.23
349.50
361.11
382.53
384.60
414.47
372.50
392.60
393.15
365.75
383.35
384.38
407.52
397.55
408.20
420.44
402.43
413.21
403.04
392.05
409.42
399.15
410.44
424.58
380.15
419.15
410.94
382.83
418.99
388.81
405.78
412.86
387.10
394.07
394.43
382.64
391.84
384.43
381.49
374.18
378.39
396.60
381.12
376.99
364.61
352.13
358.24
380.26
377.32
376.39
375.72
375.49
370.47
374.43
369.18
371.60
389.28
362.40
358.48
361.82
345.18
367.22
374.76
361.76
372.23
367.75
361.80
365.37
372.17
369.35
375.12
386.13
377.19
393.65
393.74
376.06
386.73
374.35
372.43
377.76
369.18
378.37
387.62
384.63
388.24
377.39
367.50
388.35
377.62
375.52
377.52
361.91
377.68
379.50
391.62
381.95
372.17
370.31
364.38
376.08
369.26
375.33
385.46
378.70
379.58
374.07
366.84
378.06
375.30
375.21
368.22
377.34
377.15
383.68
399.42
367.74
389.26
385.05
373.30
380.27
374.14
374.31
373.88
373.80
379.62
380.15
380.24
387.70
388.55
376.30
368.62
369.02
353.40
362.43
369.98
366.89
371.58
370.91
368.44
361.13
360.15
363.33
356.96
371.84
360.98
374.92
373.16
350.12
375.03
343.65
361.05
380.45
345.87
371.86
336.91
352.56
361.54
339.30
385.71
341.01
368.62
364.22
343.09
366.33
361.19
368.52
370.63
368.99
345.71
353.15
346.18
352.56
376.99
352.48
371.69
360.29
345.49
373.49
347.53
353.86
369.61
349.24
366.82
361.99
352.26
374.15
345.25
352.15
353.63
341.15
362.40
366.60
353.02
364.40
354.34
350.56
360.38
349.84
364.53
355.79
354.24
381.47
353.17
360.82
365.18
331.29
353.12
359.15
350.67
364.45
356.33
350.74
367.57
351.50
357.27
365.10
335.86
348.79
361.84
341.87
360.66
361.70
347.97
366.66
359.31
355.40
369.31
351.80
353.78
360.26
340.21
354.37
363.64
353.78
370.32
359.47
354.32
368.48
345.83
355.14
365.11
341.79
360.90
367.90
348.77
361.54
367.11
346.34
358.56
354.24
348.88
369.47
357.91
358.79
369.68
344.94
352.12
357.26
331.83
349.85
367.98
354.14
350.70
352.24
353.67
353.29
377.25
378.18
346.98
369.82
346.32
336.98
345.00
350.85
348.19
367.28
381.28
341.49
361.84
364.03
340.57
375.65
377.34
338.39
353.48
356.49
359.99
382.92
367.58
357.30
332.85
348.25
346.16
346.06
367.57
348.38
366.13
364.94
344.63
355.16
358.68
340.64
371.26
356.35
351.22
369.86
351.95
363.47
369.70
352.79
354.37
346.40
350.82
364.45
356.39
352.71
341.31
341.88
356.43
365.02
358.93
362.59
352.33
347.90
357.78
357.85
360.82
354.45
350.89
358.91
361.06
360.17
366.91
353.78
345.35
358.99
354.24
359.63
360.74
351.27
362.02
359.63
348.26
361.88
353.23
355.85
374.51
354.86
356.57
355.63
342.47
360.74
358.60
348.20
363.64
354.01
352.26
362.45
349.17
350.29
356.41
349.61
366.20
357.35
348.05
355.00
348.28
354.78
364.99
346.42
348.05
352.33
340.43
363.15
359.39
353.05
361.78
353.17
356.02
363.64
351.12
349.84
348.51
341.22
361.30
360.58
358.76
363.23
353.40
353.59
365.47
353.22
345.15
351.65
338.48
364.57
363.87
351.81
362.07
353.55
365.80
379.11
347.98
342.69
352.89
353.11
363.01
356.53
342.61
356.90
371.77
363.80
356.61
345.09
347.75
362.51
366.18
347.31
341.07
355.86
356.10
363.40
368.22
355.25
356.25
359.78
360.82
345.87
352.48
337.73
344.01
352.86
347.52
362.86
354.24
365.96
365.23
345.01
346.86
340.19
337.52
363.88
365.23
331.46
339.86
350.88
340.29
370.23
373.85
344.68
371.94
354.59
350.99
357.40
357.04
358.03
356.68
363.10
354.92
354.45
374.97
374.81
347.33
354.78
340.36
351.79
347.10
356.20
362.93
349.80
369.53
366.65
347.16
361.10
360.47
366.87
350.50
352.87
355.13
350.92
368.22
353.71
349.02
352.64
353.44
356.82
363.31
336.55
366.82
358.16
360.04
375.64
339.34
368.68
356.44
361.69
373.78
335.78
355.01
334.91
352.42
359.70
343.11
369.39
355.87
352.56
368.88
356.82
339.04
346.57
353.17
346.94
366.51
361.39
349.65
366.99
358.52
370.52
359.87
352.26
356.49
353.25
351.88
355.09
339.90
345.15
357.03
364.12
383.91
358.42
349.22
353.89
347.54
351.65
360.64
346.19
359.33
372.94
355.56
367.11
336.33
336.03
363.08
349.73
373.99
381.36
346.69
352.60
341.04
353.20
353.97
364.83
360.29
347.25
372.70
348.47
364.91
339.25
353.10
367.73
352.45
368.48
349.23
355.56
352.82
363.00
353.63
364.80
373.73
343.95
358.19
338.07
352.92
368.88
354.27
361.08
348.11
359.55
360.45
355.41
354.22
355.93
372.26
362.67
376.30
344.66
340.15
358.34
355.18
355.80
377.18
349.04
355.04
378.13
330.64
351.58
353.90
338.66
372.78
356.90
344.72
370.95
356.60
366.51
361.43
350.21
343.66
342.83
345.63
363.41
361.42
377.71
353.68
339.41
365.59
347.01
370.45
365.71
339.98
348.43
342.96
362.89
374.10
369.26
370.32
355.95
362.83
357.82
362.75
351.49
353.02
361.54
355.40
356.96
353.28
353.71
360.42
364.51
355.01
358.60
348.13
350.36
359.39
352.56
354.55
352.89
351.72
354.17
359.71
349.54
354.63
350.03
345.13
357.50
351.27
350.67
359.00
354.94
363.07
366.49
357.50
352.97
348.05
352.41
361.54
363.00
359.47
359.00
346.17
360.11
360.26
355.25
364.99
351.19
351.80
359.87
351.57
355.25
360.98
350.26
359.47
361.86
364.67
368.46
348.74
352.71
350.02
348.77
363.19
370.16
363.86
356.08
358.64
338.22
336.05
373.22
365.35
363.15
360.41
335.84
357.40
351.86
367.51
362.39
329.00
347.54
344.01
340.35
369.53
369.29
352.12
368.32
367.56
348.47
380.62
366.36
348.05
365.57
350.59
354.87
376.95
375.03
363.71
366.70
358.78
340.28
352.60
355.83
362.06
363.50
372.47
374.35
361.30
379.84
371.35
366.58
369.65
358.52
354.14
366.41
361.14
372.69
371.50
359.71
361.66
366.92
364.53
375.09
366.82
358.34
360.34
342.28
347.90
347.53
339.05
346.55
348.94
348.20
357.85
355.25
361.86
356.10
349.46
348.05
341.85
347.00
352.04
356.18
350.82
352.84
343.22
351.80
359.00
366.17
375.17
377.69
374.36
371.75
383.28
376.12
387.25
377.34
375.17
382.83
378.39
378.22
372.60
354.37
350.65
362.75
362.59
372.69
370.49
375.52
370.11
375.43
389.22
381.31
381.04
384.81
375.00
372.94
385.88
369.31
378.19
381.43
371.93
380.87
367.15
363.06
369.34
368.73
366.99
368.14
358.52
364.53
371.75
377.60
389.33
369.98
369.48
363.88
361.42
380.86
382.70
369.15
370.32
356.74
361.86
381.91
365.92
370.66
362.48
357.30
373.03
378.70
375.95
370.71
363.64
371.25
381.04
374.86
373.28
366.97
356.74
365.67
368.96
364.04
369.31
357.30
353.67
357.42
351.19
357.42
361.78
355.95
364.80
365.51
359.79
369.78
357.00
362.05
364.94
350.74
353.83
350.72
356.57
361.17
365.10
367.73
366.08
359.08
366.99
369.73
360.93
380.86
376.38
370.15
374.91
372.43
371.67
383.01
372.43
368.15
368.81
350.19
371.67
370.49
368.40
374.48
371.84
371.16
375.09
375.52
377.17
370.11
366.13
374.05
360.03
366.92
363.80
359.39
355.87
361.09
362.83
367.90
371.50
363.80
373.80
369.48
377.92
380.07
372.18
367.23
373.57
374.74
378.83
387.34
366.99
373.88
363.72
353.25
361.86
358.21
352.04
373.20
366.91
362.67
372.84
353.98
369.40
374.74
376.73
381.91
364.53
355.56
362.32
360.52
376.04
376.90
364.94
365.05
362.98
378.48
390.43
387.97
375.09
367.14
353.67
364.53
372.26
362.43
367.48
359.23
364.30
374.91
380.35
367.14
371.23
377.31
375.28
378.33
383.39
382.69
373.90
393.78
394.14
383.54
396.13
392.24
377.60
384.94
385.54
389.89
389.98
383.46
387.00
376.74
387.69
396.60
390.16
391.75
385.46
385.11
407.55
388.14
392.51
390.51
363.80
391.48
388.66
389.87
401.54
387.00
388.66
387.83
383.82
397.74
385.20
386.15
382.84
379.42
393.63
392.02
387.65
387.19
385.63
380.77
388.85
388.94
382.68
390.71
390.43
394.58
398.09
399.23
393.06
388.66
379.96
388.05
382.81
386.58
390.51
376.65
397.79
389.10
396.40
395.60
382.56
391.93
391.39
384.09
390.08
376.87
376.47
399.00
390.80
405.46
394.58
376.12
382.07
377.48
390.77
397.88
401.93
397.56
384.89
383.69
396.60
390.77
400.73
393.26
378.07
398.62
391.66
400.27
396.24
381.13
388.39
381.32
384.09
391.37
380.77
379.09
386.66
380.03
386.13
388.40
378.48
391.93
386.23
391.37
399.91
380.33
390.62
387.13
380.59
396.41
382.50
383.64
391.84
384.77
395.95
394.16
384.36
397.79
390.42
395.77
392.68
385.03
398.86
390.83
399.36
392.68
381.46
394.89
385.54
392.68
392.55
379.71
392.12
382.87
388.02
395.06
387.28
384.54
389.28
387.10
389.80
392.10
381.40
386.55
382.65
391.90
392.97
385.45
386.38
391.74
385.45
390.34
386.09
378.61
394.25
382.47
393.56
387.18
376.64
392.10
385.54
395.15
412.24
375.68
382.50
387.57
372.43
404.60
404.15
374.62
388.29
388.46
388.10
394.63
