8280.00
7570.00
7320.00
7200.00
6430.00
6710.00
6720.00
6700.00
7110.00
6460.00
6770.00
6800.00
6830.00
7200.00
6900.00
6900.00
6850.00
6860.00
6860.00
6860.00
6870.00
6900.00
6890.00
6720.00
6730.00
6610.00
6590.00
6750.00
5800.00
5080.00
5070.00
4960.00
5880.00
6710.00
6730.00
6850.00
6830.00
6870.00
6880.00
6890.00
6890.00
6870.00
6850.00
6800.00
6830.00
6850.00
6870.00
6900.00
6500.00
6790.00
6780.00
6770.00
6780.00
6340.00
6590.00
6520.00
6890.00
6420.00
4360.00
4720.00
4710.00
5200.00
7210.00
6860.00
6860.00
6850.00
6850.00
6830.00
6860.00
6770.00
6760.00
6760.00
6760.00
6870.00
6900.00
6500.00
6800.00
6760.00
6740.00
7170.00
6850.00
6570.00
6550.00
6550.00
6550.00
6820.00
6430.00
4710.00
4730.00
4740.00
4640.00
6800.00
6750.00
6760.00
7290.00
6860.00
6790.00
6820.00
6810.00
6790.00
6740.00
6890.00
6890.00
6910.00
6810.00
6890.00
6900.00
6850.00
7050.00
6690.00
6800.00
6470.00
6140.00
5340.00
3590.00
2500.00
1090.00
558.92
603.35
577.49
595.13
613.86
604.25
613.48
643.18
519.97
673.37
518.92
535.28
629.57
490.00
538.36
602.08
504.82
556.40
643.66
523.18
518.12
513.53
488.43
498.26
527.43
529.18
488.38
480.64
524.96
538.25
522.48
509.93
509.70
522.13
482.01
540.32
541.79
501.25
483.26
499.89
501.02
475.35
515.21
535.95
481.97
488.85
496.12
505.15
505.38
496.74
511.23
511.94
483.79
527.94
546.29
492.62
483.47
511.05
505.30
484.01
528.70
537.24
491.15
484.74
503.14
500.67
478.22
510.60
545.80
483.12
496.51
506.77
505.96
484.85
521.29
548.46
496.12
489.90
512.11
503.31
474.94
519.82
534.70
491.68
487.74
503.94
504.73
477.20
505.72
527.04
471.65
481.15
500.79
510.40
483.79
524.25
545.57
491.99
486.77
511.72
506.33
481.00
522.34
533.45
487.83
486.56
495.96
486.99
461.73
496.63
523.96
474.03
484.43
489.14
491.10
462.80
491.30
519.57
469.39
456.95
472.70
477.51
459.70
511.27
529.74
469.34
457.81
462.60
472.50
449.69
485.26
505.85
463.17
472.54
474.65
490.63
483.26
477.72
501.96
502.62
468.39
514.47
537.70
485.87
482.20
500.45
497.78
477.71
516.13
541.01
488.96
489.58
501.93
502.39
476.07
513.59
542.60
487.93
481.89
495.16
494.85
467.90
522.45
547.42
494.08
492.09
495.85
492.53
475.04
510.53
540.23
486.69
480.94
495.36
497.34
466.38
504.36
528.01
478.21
483.57
500.65
491.36
473.92
517.02
536.43
495.96
482.31
495.96
499.89
478.65
513.04
533.55
478.90
476.89
486.13
493.30
460.67
471.19
498.27
451.47
464.30
462.81
466.83
456.33
460.74
483.91
480.50
477.82
460.48
473.41
475.96
455.45
495.05
521.95
471.17
467.01
487.17
485.06
452.07
487.86
510.22
463.38
465.61
484.74
484.54
457.60
500.90
522.37
476.53
478.96
494.85
496.18
476.48
514.58
541.47
490.11
479.17
500.00
502.81
475.48
522.79
539.44
490.53
488.28
500.00
500.11
470.29
516.13
537.47
488.14
484.00
511.55
501.59
484.64
522.69
531.39
489.83
490.28
501.01
492.64
484.85
464.41
471.25
485.07
490.02
481.75
479.67
467.75
458.70
452.63
457.55
463.37
439.98
493.76
499.06
442.58
455.17
462.02
468.39
471.79
459.23
472.00
476.17
469.83
469.94
467.32
462.81
470.04
468.29
471.32
476.89
453.30
507.94
531.93
494.18
487.38
494.15
490.63
482.18
498.94
491.85
499.89
477.20
507.19
538.77
473.10
472.30
482.10
483.57
466.51
507.08
535.97
467.46
478.29
467.27
453.15
470.48
472.91
475.47
482.41
477.73
477.39
476.43
490.56
487.96
478.96
499.11
504.96
479.25
518.22
538.77
484.95
477.40
484.74
476.60
476.71
477.83
491.54
500.34
470.59
492.09
507.36
458.04
459.83
491.78
498.65
494.31
498.76
502.16
490.69
480.18
518.53
544.36
497.86
469.12
483.89
486.99
459.81
511.79
533.11
487.21
484.64
500.79
497.76
490.59
493.46
493.23
478.23
465.71
506.04
534.91
501.57
485.37
501.12
493.52
467.60
507.94
509.88
464.07
473.80
467.61
469.27
465.48
452.25
465.04
482.41
480.30
479.27
486.24
475.35
461.63
511.95
555.23
509.44
497.56
487.49
455.49
455.80
446.10
464.52
475.78
463.09
509.60
538.26
492.93
485.48
497.67
491.10
475.15
493.96
527.24
468.29
469.49
498.19
497.78
505.30
490.15
503.60
501.13
470.09
505.26
515.35
481.26
478.80
496.40
507.02
479.86
478.57
477.93
482.20
465.04
482.94
515.24
470.80
479.32
504.34
505.07
497.78
481.82
479.35
480.52
460.19
503.78
549.50
495.27
488.39
509.51
499.21
472.50
510.64
518.34
483.07
484.29
505.53
516.36
500.00
497.89
488.17
482.96
454.68
495.27
521.96
470.49
471.74
481.26
482.10
458.85
498.96
510.86
484.95
482.67
