4510.0
3560.0
3200.0
3040.0
2550.0
2550.0
2160.0
2110.0
1620.0
1170.0
1090.0
687.16
638.25
526.72
442.08
360.90
322.36
316.89
317.06
326.92
349.51
335.42
333.12
350.49
303.63
336.55
313.66
318.18
327.95
329.76
330.73
304.38
325.99
298.22
355.56
322.67
338.78
328.32
298.87
323.97
329.62
333.26
314.06
350.23
300.31
338.52
325.11
311.23
333.26
322.80
330.31
341.98
318.12
320.72
317.22
323.77
324.91
318.18
327.83
317.54
314.86
327.96
327.49
301.76
346.98
292.81
327.27
326.89
324.59
325.24
307.05
322.37
293.22
342.28
311.69
312.64
331.91
323.94
327.21
344.39
331.99
304.76
325.23
311.21
340.28
328.72
325.94
324.32
297.15
346.75
329.62
322.24
330.59
326.26
319.44
322.97
346.37
307.63
338.97
332.63
326.73
331.99
318.96
350.55
304.28
341.45
328.47
316.62
324.03
326.26
330.73
319.38
350.70
309.61
336.34
318.76
331.15
319.03
303.59
326.53
317.74
352.12
336.19
347.90
301.95
319.36
314.48
321.29
342.51
316.69
349.61
318.00
341.54
319.48
335.38
319.67
305.89
326.33
315.10
322.50
339.61
330.04
309.05
347.13
303.61
363.64
328.24
328.03
334.97
305.90
327.08
328.79
330.94
309.96
355.64
301.89
343.68
332.95
310.68
344.99
316.27
346.90
333.26
333.02
328.50
336.07
317.30
338.95
331.43
298.51
329.62
317.50
331.29
332.63
347.83
309.45
335.98
341.61
339.72
336.19
334.61
330.80
302.14
331.77
331.57
329.24
338.39
335.35
303.80
321.26
343.33
330.38
339.47
326.75
309.74
322.03
316.90
328.10
325.74
320.78
329.55
323.94
316.90
328.72
327.55
321.07
329.41
317.93
334.69
327.76
323.87
324.47
310.48
324.44
344.99
339.17
331.83
323.89
308.81
322.88
319.15
335.19
336.53
320.00
329.62
340.80
335.62
333.48
333.03
299.20
305.34
343.03
316.69
335.90
353.79
320.21
326.94
345.15
307.05
334.83
346.75
323.09
314.07
318.37
313.86
305.73
333.64
303.18
316.55
330.19
323.89
332.91
327.84
319.43
329.07
327.11
321.72
329.97
322.03
318.37
331.50
346.21
325.79
326.68
325.59
297.87
325.65
350.68
348.99
334.69
349.77
311.40
328.38
335.11
339.68
330.49
333.00
350.86
323.45
328.50
325.02
311.35
318.27
327.27
303.73
323.30
338.66
328.81
326.53
388.96
