3370.0
2960.0
2310.0
1360.0
890.50
819.39
522.24
384.91
300.98
261.84
244.47
248.95
267.18
253.54
224.00
235.54
255.35
252.27
233.67
253.02
254.23
233.97
254.13
259.62
232.17
250.83
263.74
233.14
239.67
262.68
242.04
240.50
264.02
242.47
235.59
263.85
245.76
234.16
264.35
249.13
233.24
258.12
249.23
234.31
256.95
249.28
235.24
259.62
252.44
231.93
258.92
258.34
236.74
242.63
254.45
250.05
238.50
256.59
252.12
234.16
254.34
249.00
228.25
249.18
252.58
234.02
250.88
255.58
235.44
252.18
258.17
234.02
251.40
259.95
231.40
243.64
264.02
242.28
240.24
262.90
244.18
227.52
254.66
253.86
233.58
253.39
253.76
234.95
254.18
255.48
234.02
252.23
258.49
234.26
253.12
262.96
233.38
243.11
263.62
240.94
238.91
262.63
243.83
235.84
260.65
245.61
234.65
261.64
245.26
229.93
257.21
248.37
234.16
258.76
251.50
234.46
260.00
254.45
234.16
259.30
254.82
232.27
242.06
256.70
249.70
239.62
257.35
253.09
234.46
253.39
253.50
233.58
251.76
253.40
235.69
253.39
255.11
235.94
253.44
257.48
233.24
250.83
260.65
233.67
242.32
264.35
243.25
241.02
267.29
246.90
236.64
263.29
248.93
236.39
264.57
248.67
233.14
260.27
249.33
236.99
261.80
250.00
232.46
255.32
249.90
232.37
257.85
257.46
233.63
240.91
254.18
245.77
237.49
257.46
252.33
233.43
255.09
256.00
233.97
253.07
255.79
235.99
254.39
257.48
236.39
256.11
264.80
235.59
249.49
260.05
231.36
242.11
258.67
245.21
240.86
258.61
256.32
238.30
258.56
256.16
235.54
254.82
255.32
237.89
255.14
256.68
237.19
254.23
257.90
234.51
250.83
258.76
231.40
241.54
262.63
240.74
238.04
261.42
244.32
239.47
265.53
246.45
234.26
260.92
246.70
234.95
263.40
249.69
232.99
260.11
253.54
236.24
259.41
252.81
233.43
257.53
254.18
231.26
239.57
254.50
247.23
237.79
257.08
253.25
236.14
255.09
253.14
234.85
256.49
255.16
235.59
257.68
261.09
237.54
253.49
260.76
235.54
252.86
260.65
232.56
252.65
265.08
232.46
239.06
264.13
242.42
233.92
261.96
246.85
233.28
259.19
247.71
236.54
260.05
248.11
234.85
258.33
250.52
235.29
257.27
245.66
227.60
257.69
252.81
230.12
239.73
255.68
250.25
239.62
257.96
253.76
235.64
255.52
256.11
234.95
256.11
257.05
235.39
254.82
258.92
235.15
253.07
251.76
229.32
255.27
255.25
233.19
240.34
254.77
248.41
240.14
259.44
254.90
237.69
255.41
253.09
235.79
256.38
256.63
237.44
253.92
254.33
234.31
253.60
257.53
232.95
249.44
256.21
230.55
242.63
260.22
236.62
240.60
264.80
240.36
234.21
262.74
245.71
233.97
264.80
251.19
235.84
261.64
250.88
236.74
262.18
252.60
233.58
256.90
248.93
230.74
258.81
254.98
231.36
240.60
255.73
248.75
237.29
255.25
254.69
239.52
258.94
253.50
232.70
255.62
254.07
233.87
254.18
255.90
234.80
253.39
258.65
232.95
251.55
262.52
234.85
244.59
263.62
240.55
237.59
263.46
245.76
234.26
259.46
245.41
233.04
261.14
247.81
233.24
257.90
247.56
234.16
257.32
246.60
230.26
257.85
252.91
230.45
240.34
252.96
244.75
238.40
255.41
249.40
236.74
255.30
250.15
234.02
257.08
254.59
234.46
252.86
248.11
234.80
258.22
248.62
231.60
257.53
254.18
233.77
257.64
255.25
232.70
240.91
254.13
245.96
236.39
256.05
250.80
236.19
259.00
256.63
234.26
252.96
255.48
233.82
249.18
251.41
232.70
253.28
260.33
235.10
250.31
257.05
233.19
243.43
261.20
243.01
243.27
267.35
244.87
234.95
263.18
247.46
234.80
264.07
249.08
233.58
260.16
248.01
234.36
259.08
249.28
232.65
257.43
250.62
229.84
256.26
256.81
234.02
243.00
258.61
250.85
239.32
258.83
254.85
233.92
254.61
254.54
234.36
254.02
256.58
236.59
253.12
255.58
234.41
251.81
257.59
232.27
249.64
259.57
231.50
242.06
263.07
240.70
237.44
263.68
246.35
237.29
265.25
248.42
234.41
260.54
247.76
236.59
260.92
248.06
234.60
260.38
251.29
233.82
257.85
250.36
231.31
242.63
253.97
247.03
240.45
256.59
250.00
237.44
258.12
247.20
234.51
259.68
245.71
231.17
256.79
247.81
233.14
260.43
251.92
235.05
259.57
250.67
231.88
256.90
254.50
233.92
240.96
252.33
244.61
235.79
255.46
250.05
234.36
256.27
253.09
232.22
252.75
254.43
232.99
252.39
256.90
236.24
254.93
259.08
232.37
251.14
260.65
230.88
240.39
263.62
241.13
237.34
261.64
242.23
237.74
265.36
244.67
232.56
262.63
247.66
231.36
256.90
247.71
235.20
261.31
253.39
235.24
256.47
251.86
235.59
245.67
254.23
246.15
240.96
254.87
247.62
237.14
258.34
255.63
237.44
257.57
254.12
234.46
254.13
253.35
232.56
251.08
257.00
237.04
255.19
261.64
235.99
252.54
260.11
231.26
242.42
263.12
239.56
236.94
263.57
244.77
236.94
264.74
246.45
231.02
260.05
249.85
235.79
259.95
247.15
234.16
259.08
251.71
234.85
259.68
255.46
234.02
242.01
253.70
240.03
238.86
261.20
242.09
237.79
267.98
248.01
232.17
261.80
249.33
234.46
260.65
251.81
236.59
260.11
250.26
233.09
257.53
251.76
235.29
244.01
254.02
248.90
242.79
254.23
245.62
237.49
257.52
252.99
236.29
259.28
259.08
236.14
253.49
254.12
235.39
252.28
254.28
233.43
252.28
261.09
233.92
249.28
259.84
232.61
240.45
259.68
238.81
236.14
261.42
242.91
235.29
262.02
245.11
233.04
260.98
247.81
232.32
256.42
246.40
233.33
259.51
250.98
234.02
258.71
252.07
232.75
245.67
256.38
246.30
238.96
257.19
250.96
234.70
253.81
253.71
237.49
255.46
255.01
235.69
255.25
258.71
239.32
259.11
260.27
234.95
252.96
259.41
235.10
253.07
261.58
234.06
243.00
262.90
242.04
238.50
262.85
244.52
234.02
260.00
245.90
232.70
259.57
248.62
236.24
260.76
247.66
233.92
261.64
255.41
229.68
254.29
261.03
232.03
251.75
264.46
234.55
239.27
264.63
243.20
233.72
263.29
248.72
234.31
259.51
245.76
233.04
258.39
247.46
236.49
261.53
250.83
234.51
259.57
251.14
229.18
243.64
257.08
245.19
238.25
254.23
247.28
236.89
257.03
252.33
235.20
255.46
253.40
233.67
253.49
256.37
237.54
254.02
256.68
232.80
250.93
260.82
235.29
253.23
262.13
232.75
242.32
263.57
241.27
241.22
265.98
242.81
234.95
264.97
248.16
233.09
261.69
249.08
235.20
260.87
251.97
238.65
260.22
251.34
233.19
255.32
249.54
230.64
258.39
257.14
230.41
240.29
259.28
251.26
239.73
257.46
254.12
235.54
256.87
254.18
235.24
257.25
256.00
235.00
253.28
257.27
234.51
254.34
260.38
233.38
253.86
262.41
231.26
238.10
259.14
242.23
241.43
267.24
246.40
234.51
