4260.00
3360.00
3090.00
2960.00
2530.00
2120.00
1630.00
1130.00
685.24
596.41
581.01
576.44
577.51
559.83
506.89
436.56
378.78
332.18
325.29
318.65
313.66
305.28
295.97
290.91
269.55
257.14
245.42
242.07
246.26
237.70
239.43
236.66
234.90
242.25
240.90
245.63
244.00
246.92
263.43
259.24
261.69
264.26
260.32
275.70
275.59
279.59
289.86
281.39
306.48
306.25
310.97
295.54
282.92
283.25
285.09
292.30
303.45
310.10
294.90
297.23
291.22
294.29
292.81
306.35
304.49
285.47
288.17
288.71
294.84
294.18
296.56
297.61
294.31
311.07
298.64
294.85
286.78
284.55
298.04
304.59
300.47
299.79
307.40
289.31
307.46
304.76
291.34
302.50
294.83
296.79
300.87
305.56
295.95
298.02
299.77
294.12
298.72
294.52
292.64
313.65
295.45
293.00
302.94
293.46
296.95
300.47
299.07
282.43
295.72
298.53
297.64
294.04
289.73
306.35
290.91
310.75
313.37
284.67
288.49
284.02
285.39
286.93
280.70
277.89
282.93
285.00
288.62
290.37
290.71
292.44
288.68
281.01
276.53
276.29
276.90
285.91
284.87
288.82
306.05
304.25
307.27
308.42
306.67
331.86
329.17
335.08
340.72
329.69
359.91
360.36
375.91
406.15
396.33
415.77
415.21
392.73
415.40
407.64
403.74
420.76
407.96
424.17
415.67
409.80
407.96
392.07
412.63
405.33
407.91
409.05
402.68
416.34
410.17
414.84
408.97
400.37
392.19
408.60
408.64
403.17
431.21
394.79
407.96
412.54
407.69
421.73
402.85
413.61
401.09
413.92
420.78
404.24
410.72
396.60
414.02
418.16
425.63
420.87
419.88
406.39
391.30
425.40
401.94
421.14
417.30
390.17
404.41
408.54
405.58
413.09
414.55
408.57
411.86
404.97
399.55
403.30
414.04
430.52
421.14
417.03
414.97
404.97
414.44
414.01
411.60
405.60
402.33
404.79
397.52
428.27
407.69
396.82
407.69
391.40
419.01
429.53
421.14
392.10
403.93
402.84
386.42
403.72
409.34
394.88
398.69
403.67
388.01
394.53
395.97
396.69
379.56
393.53
388.49
391.75
387.01
390.49
402.18
387.18
400.09
395.15
381.70
387.51
382.17
376.08
401.88
410.09
402.68
405.75
382.50
386.10
396.59
389.67
402.29
388.72
391.62
388.29
389.70
391.55
386.47
390.24
395.25
387.92
386.09
391.74
377.09
387.46
389.68
383.46
397.04
387.46
386.82
390.62
381.77
386.00
388.57
379.96
383.55
392.69
385.73
396.66
394.11
390.62
391.90
380.50
385.00
385.91
383.05
389.41
391.37
383.79
396.66
391.93
390.06
395.81
378.97
385.36
385.18
381.86
387.65
387.83
382.32
392.64
390.90
390.71
396.76
385.91
389.68
388.94
386.01
385.18
388.11
384.15
389.41
393.92
394.30
394.69
388.48
383.46
381.93
381.47
392.42
390.16
385.63
389.87
391.09
396.85
405.54
384.94
377.31
371.44
364.83
399.46
401.52
397.16
392.29
376.22
375.55
397.52
401.83
405.35
400.84
395.25
388.02
387.00
394.30
389.50
394.30
394.87
380.86
386.19
391.37
386.27
394.44
384.17
386.75
386.51
392.78
396.79
390.07
394.09
382.93
387.28
392.12
394.30
388.20
398.18
383.42
382.92
399.27
377.31
390.33
385.81
377.80
393.08
389.28
387.24
385.46
383.37
387.56
394.78
386.64
388.29
380.77
375.59
390.95
385.28
394.35
391.04
385.36
391.27
385.36
382.29
386.66
381.63
384.51
390.42
386.91
392.78
383.60
385.09
388.66
381.96
389.38
386.84
384.36
390.62
389.78
387.10
391.93
383.73
383.28
397.20
384.00
387.97
384.49
370.54
390.89
380.42
383.94
390.07
381.55
390.24
390.07
382.20
382.56
383.55
382.65
396.57
389.50
384.63
392.12
380.50
389.22
393.16
384.06
388.85
382.65
390.98
392.82
386.00
381.22
376.74
392.78
405.16
403.20
390.52
381.50
380.23
390.90
402.42
392.69
392.02
390.24
387.46
391.09
384.63
379.60
377.00
383.55
379.51
385.72
388.57
389.22
395.44
389.59
384.99
378.52
382.04
390.43
391.71
388.94
392.02
389.03
399.63
397.47
389.10
383.45
382.74
397.79
393.47
392.06
383.07
383.40
393.93
401.83
400.18
387.57
379.36
380.68
386.46
386.71
389.31
384.27
387.92
396.42
392.07
391.92
386.93
383.91
396.87
394.00
394.98
393.02
389.28
399.39
390.33
389.24
386.36
381.63
397.13
391.72
392.17
387.43
382.47
393.61
387.41
388.66
378.83
380.60
390.51
386.15
396.75
387.39
381.93
393.25
391.93
393.75
396.97
391.84
394.07
396.79
395.72
388.66
377.09
377.98
382.23
389.59
396.66
391.75
384.00
386.40
389.72
378.66
389.80
382.72
386.28
403.33
395.06
397.65
378.70
378.32
399.39
393.70
396.90
386.54
374.72
385.29
391.18
388.95
399.23
395.76
381.52
389.93
391.12
373.01
389.00
406.87
375.71
398.46
383.32
370.86
384.52
374.27
407.55
384.47
381.20
389.10
388.64
398.21
398.20
389.59
387.10
385.54
385.46
397.47
386.23
393.44
396.85
392.50
396.02
386.57
396.98
390.77
384.94
394.97
376.81
389.31
392.40
386.82
392.19
386.66
387.97
386.33
386.00
389.96
392.10
384.43
392.91
391.66
388.57
403.88
384.63
388.58
389.54
384.68
395.60
386.46
388.93
394.79
391.63
390.75
382.13
385.79
387.38
384.86
393.26
393.16
384.91
397.15
390.86
398.28
404.60
386.55
388.76
374.88
372.09
390.51
388.93
391.92
398.45
383.83
389.19
382.11
396.28
394.30
388.85
397.42
384.32
386.49
391.75
386.66
392.09
399.31
385.28
406.26
384.72
392.02
401.64
368.94
390.33
387.01
384.86
400.36
387.83
383.05
385.91
381.32
394.68
399.71
386.73
391.74
391.09
388.94
396.41
391.09
390.43
384.80
389.41
403.30
394.11
386.64
391.75
381.47
390.42
407.69
393.25
396.42
393.62
378.74
400.26
385.97
388.93
394.70
373.66
392.82
382.89
389.64
394.97
381.84
393.35
390.69
389.73
391.50
380.95
387.84
390.58
388.09
392.51
383.40
390.49
393.44
391.11
390.60
385.45
388.29
397.52
387.79
390.24
390.86
385.82
403.98
387.83
385.72
392.37
374.97
399.14
391.33
388.14
398.71
380.59
393.44
387.56
377.95
393.00
384.43
392.85
406.93
389.81
395.06
383.57
388.83
394.66
398.03
396.44
381.72
391.30
386.77
394.22
399.40
378.57
389.63
392.91
393.74
400.73
381.50
381.13
387.32
390.06
402.61
391.37
376.12
383.60
383.33
388.76
403.49
390.71
391.55
396.31
387.92
400.46
390.60
384.94
388.05
385.80
397.52
389.91
393.12
388.37
380.32
397.08
399.51
387.46
393.35
391.22
383.15
402.52
386.03
387.62
394.29
382.81
399.36
383.74
386.84
394.63
385.95
399.23
381.63
384.43
390.91
388.42
405.06
391.84
395.24
397.21
389.19
401.92
383.57
384.18
394.52
381.63
398.80
383.40
377.48
405.69
387.75
409.13
398.46
376.12
394.97
364.76
384.58
403.81
378.28
395.15
394.97
385.20
389.43
392.44
404.57
381.60
402.61
390.33
366.70
400.64
392.51
405.15
399.38
395.40
392.76
384.71
402.52
389.97
382.29
410.75
374.54
404.96
417.39
393.06
396.26
373.62
394.89
395.82
412.21
409.43
387.44
378.04
391.40
386.28
388.17
401.59
394.34
396.00
392.02
394.61
385.11
390.58
387.88
384.16
390.58
384.86
395.06
394.50
385.82
384.80
379.06
382.96
394.11
392.64
390.99
388.76
383.64
388.11
392.82
383.64
382.87
377.71
393.62
394.79
393.82
395.15
378.88
388.66
392.78
390.06
385.27
387.27
388.40
396.88
402.56
391.46
379.78
377.18
396.10
398.64
394.97
386.49
370.35
374.53
388.85
396.76
389.13
394.79
394.52
393.98
400.73
387.00
389.41
384.62
391.65
388.79
387.01
396.49
382.15
394.51
388.54
390.80
399.33
395.81
377.98
391.16
385.01
385.27
406.65
382.79
393.05
375.39
367.02
397.04
364.43
381.86
394.15
389.52
416.96
396.04
394.48
381.50
382.68
393.30
392.76
394.74
383.92
394.98
402.99
393.38
394.97
391.18
388.75
403.81
402.61
396.37
388.30
387.58
388.69
379.23
403.19
386.99
384.60
403.45
389.00
393.27
383.45
376.47
381.75
385.45
408.60
396.75
376.63
376.25
382.55
399.92
392.22
405.96
391.66
384.17
403.90
373.28
393.87
394.38
388.49
396.88
390.16
389.01
389.49
388.64
379.82
393.22
391.57
392.01
388.76
388.55
393.98
385.36
398.71
398.80
386.60
411.55
393.82
381.46
387.58
382.74
387.04
386.58
394.55
389.12
383.74
388.31
376.65
387.66
389.89
388.31
392.64
380.95
386.07
382.93
376.14
394.55
393.30
392.55
401.00
378.34
386.16
384.58
384.23
396.24
390.34
400.10
394.68
378.88
390.95
389.63
386.92
396.84
380.86
384.32
396.60
390.60
397.69
384.68
381.12
392.26
378.15
390.08
390.83
388.23
390.69
384.36
389.45
382.13
388.86
386.40
383.82
392.21
393.35
392.97
395.69
391.22
381.38
389.63
386.73
391.37
399.62
385.91
389.19
384.34
385.54
390.69
387.19
393.63
394.58
391.65
391.93
387.27
382.59
390.86
390.34
395.54
400.38
387.56
392.46
386.58
383.19
393.80
386.82
391.37
393.01
384.54
389.80
387.44
400.91
393.89
390.52
393.63
379.24
387.83
390.90
384.63
380.00
386.51
382.47
403.99
392.32
390.34
403.58
369.20
387.75
403.25
374.06
392.98
386.71
393.28
389.28
390.64
393.99
379.42
399.41
398.91
392.82
395.71
383.71
406.87
396.51
399.29
409.68
373.80
403.81
389.54
391.63
384.26
381.04
394.12
388.58
397.65
402.75
380.77
383.88
395.06
379.69
401.77
399.36
391.66
398.34
385.82
394.78
394.30
383.37
398.34
385.71
388.01
391.33
375.49
393.36
388.33
389.12
395.06
373.30
393.10
389.58
392.86
403.09
379.28
393.95
383.43
384.11
396.61
375.16
394.63
389.00
385.80
398.51
375.73
394.72
390.08
388.78
403.67
369.72
386.19
404.68
391.57
399.74
382.33
385.80
393.21
382.53
401.16
376.14
401.23
417.77
381.55
406.09
372.60
383.44
418.44
390.16
402.87
389.08
370.46
403.48
381.71
391.67
392.51
382.82
400.86
385.71
393.78
382.13
389.99
406.24
389.90
394.55
375.57
386.77
401.50
384.11
394.12
377.21
384.73
399.30
387.32
392.26
377.54
387.18
397.73
393.12
396.09
371.44
382.58
396.01
388.44
402.60
379.36
389.33
404.61
394.00
402.95
374.81
389.24
401.23
397.74
403.83
372.67
388.58
398.60
393.82
403.39
376.12
369.99
394.05
391.48
405.06
397.09
375.89
397.91
378.23
401.28
403.85
369.86
396.58
379.76
404.51
407.03
390.52
391.32
367.17
397.56
399.82
376.05
391.01
380.95
393.50
419.46
387.04
400.47
379.48
382.76
409.87
371.12
385.54
400.72
373.49
394.07
382.34
383.79
401.40
389.75
397.78
383.64
390.58
379.18
385.94
395.99
379.29
408.34
401.32
389.54
408.26
385.00
392.82
389.98
381.12
398.62
385.72
389.44
389.89
383.66
395.49
385.71
394.98
396.44
383.23
401.67
387.15
390.58
393.70
380.87
398.86
389.73
396.01
391.84
384.09
397.13
387.32
397.13
391.92
382.72
391.52
379.95
395.92
396.61
379.78
392.93
372.01
386.85
402.25
383.91
398.82
381.32
374.40
403.36
396.06
403.83
397.01
382.05
393.87
381.20
397.26
392.80
370.37
383.89
367.34
388.97
401.76
382.50
391.52
386.92
393.76
387.21
390.24
394.89
379.08
392.72
386.21
367.73
400.89
408.11
436.60
399.72
385.36
385.36
346.27
388.58
391.01
395.14
390.94
391.05
403.25
387.15
414.51
393.91
366.41
383.02
373.65
407.46
404.88
391.20
406.22
383.40
392.01
401.21
386.75
403.30
389.22
383.80
384.94
376.39
393.78
392.59
398.37
387.43
379.78
389.40
382.84
396.44
394.72
387.24
388.31
377.54
382.41
387.52
386.54
404.62
388.53
382.91
385.19
367.41
399.36
410.73
397.43
400.18
373.82
390.41
398.58
388.58
398.34
367.42
389.40
384.03
382.70
394.69
374.76
412.14
408.07
398.82
398.52
379.06
373.11
398.80
394.62
393.17
402.70
375.50
383.69
388.66
387.28
396.85
388.66
389.87
396.41
389.31
392.12
392.50
385.09
382.23
390.15
387.83
391.18
397.08
392.97
395.06
384.25
389.31
389.96
379.69
389.50
388.11
381.77
388.39
389.78
389.68
396.28
390.43
384.89
382.32
385.36
391.93
391.99
394.03
388.15
379.50
381.90
391.58
396.35
391.52
397.60
394.97
386.66
391.41
393.85
383.14
386.00
398.37
382.14
388.20
393.92
381.50
389.78
390.15
384.52
392.12
396.02
394.78
399.33
399.81
400.38
374.61
379.67
390.33
379.34
392.60
382.74
371.52
403.45
402.24
388.99
398.98
384.41
393.14
387.75
386.77
375.06
388.23
407.69
391.20
386.73
378.30
373.66
377.69
389.36
376.05
393.03
394.61
388.29
398.85
381.95
382.11
388.84
386.40
393.65
393.26
378.16
384.06
384.34
385.82
401.73
391.30
390.77
397.88
392.28
405.33
397.56
393.78
393.62
391.37
395.53
384.58
388.31
394.55
395.83
400.91
397.42
387.04
392.59
405.62
400.18
395.77
388.75
382.67
381.93
378.44
376.97
379.11
396.69
396.20
380.78
387.83
374.94
382.79
384.92
381.53
377.10
394.01
411.18
402.04
396.99
383.86
377.28
375.60
379.50
371.12
382.30
387.30
398.64
403.60
388.09
391.63
412.43
381.29
382.25
377.83
372.67
398.55
393.25
389.20
387.12
387.04
383.74
389.53
394.33
398.01
394.82
401.34
381.50
376.85
392.52
375.41
379.50
380.53
390.60
418.06
404.88
389.48
393.64
382.11
383.40
392.50
381.83
378.10
388.58
399.46
383.06
378.22
379.42
375.06
399.14
396.92
387.27
384.84
387.13
417.63
401.35
390.70
375.47
357.58
386.84
405.06
400.19
396.60
383.42
377.27
390.24
387.07
385.03
387.97
387.10
399.45
395.95
385.11
374.81
394.97
390.71
406.05
405.75
373.11
381.38
379.50
393.53
392.45
392.12
386.47
379.42
400.65
394.09
388.44
387.01
368.07
389.68
412.25
393.85
396.84
388.35
373.98
391.72
381.47
396.40
387.88
379.20
392.14
363.47
382.38
404.51
379.84
406.17
393.38
361.38
403.13
375.89
376.05
397.34
383.80
396.66
379.34
385.05
391.76
374.23
390.32
384.69
382.03
403.44
388.72
386.96
390.97
382.52
386.12
389.88
377.80
376.12
406.35
406.72
397.52
392.92
376.83
376.56
382.92
398.49
397.87
387.59
383.43
386.17
386.96
393.39
393.55
387.07
375.83
382.73
400.50
380.24
406.18
401.61
371.76
384.95
370.79
374.48
406.69
409.61
391.18
387.76
371.36
369.50
382.84
405.15
398.13
391.67
393.44
368.86
384.55
395.95
389.99
387.54
384.88
383.81
394.27
399.00
371.59
370.55
368.30
390.58
399.91
401.83
401.64
379.27
372.51
380.14
390.56
370.43
383.03
371.60
374.52
395.42
379.82
391.60
374.36
383.36
396.81
394.09
398.19
372.54
375.21
369.64
383.54
404.06
375.62
391.63
371.40
369.34
398.98
388.57
396.85
385.89
386.66
386.60
386.77
396.84
388.84
386.36
376.65
380.32
385.54
385.27
386.55
381.13
378.97
380.05
397.33
394.30
390.80
390.43
385.08
385.72
396.10
390.90
378.22
375.85
370.86
381.31
389.26
390.86
397.38
383.45
380.33
386.73
386.46
392.45
388.20
386.82
374.71
386.75
387.01
385.46
391.75
379.24
391.30
389.89
392.16
388.75
379.27
382.02
385.00
387.70
386.18
385.82
376.03
383.60
383.55
382.38
385.54
377.43
383.46
388.20
390.52
390.24
385.27
379.33
391.75
395.59
390.86
390.33
375.94
380.50
386.27
388.69
388.11
379.27
388.58
390.24
396.04
391.22
381.93
377.27
378.97
386.18
390.34
387.74
382.20
380.23
382.32
396.47
393.35
395.16
385.09
382.41
386.06
389.10
390.16
381.67
387.00
382.47
389.70
388.40
380.78
388.49
387.88
390.34
389.13
378.92
377.06
381.21
395.06
395.24
388.20
387.37
385.98
387.44
395.86
390.16
380.86
390.62
390.24
394.78
394.78
377.00
378.43
378.18
384.09
398.82
392.28
385.63
381.38
375.72
386.56
387.27
378.65
384.45
383.51
386.09
399.90
387.28
378.74
381.12
381.63
393.56
375.99
375.84
377.45
393.14
398.51
395.96
384.68
383.58
396.56
390.32
393.71
388.27
386.08
390.65
398.98
382.29
400.00
391.74
390.34
394.39
377.54
389.13
388.39
386.55
392.31
409.76
388.02
390.90
378.97
366.87
387.56
379.98
382.29
382.29
374.44
387.74
391.55
389.31
397.04
379.15
384.54
389.59
385.72
388.94
386.27
384.09
380.59
391.55
390.62
390.24
383.64
377.78
382.83
376.99
382.20
388.66
384.77
391.48
389.80
387.10
391.74
377.80
385.09
390.77
382.05
395.51
387.10
381.93
391.18
377.63
389.22
391.55
378.43
395.63
395.34
386.35
383.74
376.14
392.93
391.42
401.61
396.84
380.95
366.66
371.10
378.23
386.98
390.76
389.01
398.37
376.38
392.64
387.46
379.96
392.78
390.06
394.69
386.46
374.36
375.68
380.14
383.46
391.44
388.48
377.45
384.71
392.21
391.46
397.80
381.49
373.60
381.64
391.30
397.52
395.16
386.27
372.36
375.06
376.20
394.49
394.50
388.02
389.96
377.98
378.93
389.96
395.34
386.55
383.50
377.36
380.69
384.72
392.02
394.59
379.78
382.04
380.86
384.81
385.72
381.48
376.65
374.88
380.42
396.76
393.66
380.51
378.16
367.21
379.51
395.83
395.44
388.48
380.60
373.40
381.04
388.66
394.11
392.40
380.60
381.72
381.47
396.49
396.97
397.23
387.83
382.32
384.91
384.18
384.43
379.53
388.66
391.39
397.33
395.42
382.39
382.81
383.23
380.69
387.83
386.82
377.89
386.75
388.49
389.28
390.24
387.46
397.61
386.66
399.55
394.61
375.17
381.68
375.59
380.07
393.35
392.92
386.73
398.66
382.92
388.48
389.45
377.73
386.16
381.12
397.52
395.06
389.29
388.31
375.72
378.74
388.57
389.79
382.11
382.81
379.45
384.34
393.65
381.84
390.77
384.17
388.49
393.26
384.27
381.77
379.87
381.95
384.62
398.66
388.11
404.39
385.63
380.23
391.74
377.54
392.12
389.96
384.71
391.29
395.63
390.99
388.66
377.34
380.68
382.14
394.87
392.78
381.77
385.27
382.23
388.48
387.65
391.13
387.62
388.49
390.69
400.29
396.02
390.43
389.31
396.85
378.22
388.57
391.84
371.35
396.18
390.66
391.66
396.51
389.50
390.52
388.02
375.59
378.52
380.41
385.18
394.87
383.19
383.10
386.46
385.63
389.87
391.65
378.70
387.92
389.50
387.37
396.47
377.00
384.72
383.73
375.76
387.00
388.31
387.62
397.92
390.24
383.37
388.57
377.00
385.45
391.74
387.28
397.71
389.96
384.72
384.00
375.41
381.04
383.46
376.03
384.45
387.00
382.83
396.58
389.01
386.75
391.22
384.18
385.18
388.85
383.73
388.29
388.29
383.19
389.59
377.80
387.00
378.87
373.85
397.16
379.20
391.69
403.42
390.24
393.41
384.38
388.72
384.11
380.54
405.60
390.87
367.99
392.45
386.08
367.06
387.76
382.01
383.66
392.91
391.95
380.87
382.44
393.41
389.53
414.45
391.14
372.35
378.98
374.07
380.79
383.95
390.33
385.80
374.59
387.36
384.93
379.13
400.00
394.21
399.12
384.57
397.69
395.42
383.54
413.50
380.50
384.63
392.18
374.97
383.37
389.03
391.65
399.04
391.09
381.50
381.32
381.95
383.73
395.06
388.14
387.62
393.26
390.33
393.47
385.00
374.36
376.12
384.14
399.27
389.31
388.09
378.37
379.42
400.89
380.00
397.20
386.26
369.53
382.86
387.41
386.29
387.96
390.16
380.39
385.37
379.91
394.14
382.87
388.58
409.15
381.52
384.05
394.54
376.95
397.20
388.47
368.79
396.28
387.96
385.80
394.89
377.21
384.94
395.88
391.93
398.18
386.18
386.73
377.00
380.59
390.06
390.16
392.28
388.49
388.49
387.74
383.19
386.82
387.00
390.34
392.40
390.06
386.18
396.00
389.78
383.55
390.34
373.16
387.28
391.84
392.02
398.82
388.58
390.95
391.57
