4380.00
3470.00
3130.00
3000.00
2290.00
2250.00
2270.00
1970.00
1780.00
1400.00
1040.00
876.71
783.59
696.42
528.87
432.34
381.12
352.94
325.70
293.64
266.93
245.28
226.06
221.88
245.96
221.54
222.60
238.63
221.02
219.71
219.18
215.55
193.98
214.57
219.30
208.49
217.90
212.66
205.64
211.76
216.33
208.47
204.54
210.69
217.55
214.00
238.21
227.05
218.58
267.20
246.11
241.60
271.30
260.47
266.77
301.82
300.66
279.90
308.39
302.41
305.96
326.12
312.20
320.82
304.55
317.05
343.46
343.71
364.46
361.58
362.61
376.47
414.85
402.43
375.59
368.55
351.21
364.69
388.28
394.02
406.39
409.99
418.39
422.94
402.47
423.79
412.37
434.25
439.48
426.86
425.29
416.65
424.02
430.56
439.44
411.53
404.53
406.57
415.40
432.06
422.64
420.63
393.81
414.64
426.48
410.82
438.55
408.42
399.73
424.52
397.84
404.97
399.72
383.57
380.87
393.05
397.60
403.79
407.23
392.91
385.98
376.05
386.56
381.71
408.81
383.84
386.40
405.96
371.53
391.20
386.30
377.36
396.75
382.62
385.99
378.48
369.29
384.05
379.18
369.63
380.18
378.78
381.72
397.60
384.12
384.18
382.42
380.50
394.75
399.58
402.52
394.97
376.21
380.08
377.08
369.23
392.04
375.29
387.41
391.60
381.91
393.24
381.29
379.84
385.81
383.28
387.75
370.93
367.15
383.83
369.15
381.70
378.50
360.83
375.49
376.47
394.27
391.20
383.40
383.48
368.22
378.12
393.85
396.20
384.63
373.78
374.84
366.51
377.68
388.28
377.28
378.98
383.56
392.80
384.89
384.22
382.19
374.74
380.17
372.68
372.26
377.50
376.71
391.63
375.22
370.89
373.31
383.37
376.82
375.17
371.50
364.69
370.32
373.85
380.71
381.70
397.69
400.72
394.88
401.71
398.87
395.34
387.61
376.05
377.92
387.27
382.19
398.13
383.97
370.71
378.40
378.23
381.12
358.82
358.02
333.48
343.86
362.84
347.90
349.01
349.61
336.22
347.47
355.78
351.11
344.24
349.97
327.30
338.83
343.06
341.23
365.40
343.65
350.89
356.02
342.50
346.10
352.48
346.35
358.76
350.82
347.53
355.87
345.40
354.47
357.58
342.71
349.73
358.92
356.80
368.90
368.98
359.23
369.73
356.98
361.46
369.57
354.17
369.86
368.15
360.50
368.15
360.04
359.08
366.58
354.61
359.15
365.92
347.75
369.53
366.74
357.74
369.53
355.87
354.71
365.35
354.37
367.98
368.31
347.60
365.26
355.87
354.71
355.07
355.24
346.10
370.10
374.92
348.04
355.56
341.56
355.23
368.05
369.07
354.61
352.15
369.61
363.31
369.82
364.05
356.90
366.28
367.98
357.82
357.58
363.39
353.55
376.47
369.15
347.22
365.30
356.19
362.69
376.56
356.10
355.94
363.22
350.26
367.57
371.08
361.06
366.91
365.67
351.34
365.18
365.18
362.02
376.13
352.27
364.77
365.92
364.20
369.15
362.83
352.66
354.06
358.60
360.11
366.84
351.80
355.40
352.42
355.08
370.40
362.53
359.39
354.77
346.92
360.12
370.57
366.52
371.58
361.86
356.25
367.82
365.47
362.91
360.44
350.19
359.31
365.43
358.78
363.87
354.14
370.26
380.78
354.37
361.39
340.29
349.07
386.46
374.97
367.10
360.36
349.57
346.02
367.00
367.57
360.42
371.67
351.80
349.73
358.06
354.04
365.79
367.99
358.44
380.50
353.08
349.69
364.48
330.58
357.31
368.47
368.47
362.29
362.89
372.01
341.30
360.78
361.34
350.39
360.88
372.33
371.33
371.30
367.65
358.10
365.67
357.82
371.92
371.01
352.11
359.96
358.52
360.58
376.22
357.89
361.34
357.22
351.49
374.31
366.12
357.11
361.66
354.63
364.69
370.07
360.02
359.39
347.52
347.30
360.28
347.60
352.54
358.52
346.57
359.55
361.17
351.88
364.37
354.85
352.56
369.65
362.83
356.25
367.24
351.27
345.20
362.59
347.31
361.70
362.18
346.87
357.38
348.89
352.26
373.97
358.85
360.64
351.50
350.46
363.72
350.99
374.06
349.47
357.39
356.01
345.07
354.07
369.33
365.71
362.39
368.04
347.33
369.70
353.05
341.49
342.09
346.10
378.53
371.60
364.94
362.42
355.48
357.96
355.71
347.25
368.72
373.80
366.09
360.06
343.67
364.30
362.36
370.02
359.04
359.77
353.63
354.66
357.77
334.76
363.80
372.01
367.36
376.88
364.02
354.63
369.15
365.55
354.40
360.23
342.35
353.78
363.18
354.40
367.57
354.01
354.32
365.71
355.41
361.05
359.25
345.20
368.81
364.03
358.52
374.27
347.67
346.98
362.57
354.40
367.07
362.69
349.46
359.47
355.71
359.23
368.60
352.22
358.18
357.50
356.10
371.84
362.53
355.17
364.86
353.30
364.63
367.43
351.42
369.39
352.22
358.45
369.78
338.19
375.16
370.14
348.88
386.18
357.02
362.29
378.33
364.57
