4600.00
3560.00
3210.00
3050.00
2540.00
2320.00
2320.00
2300.00
2290.00
1980.00
1530.00
1060.00
616.66
605.61
514.98
451.90
392.06
328.65
329.83
298.94
281.94
259.57
240.15
245.26
239.90
237.67
246.46
235.76
233.02
237.56
220.23
223.95
229.48
220.39
233.39
238.90
231.52
239.87
233.72
223.73
231.46
235.39
229.81
235.34
231.88
220.52
243.47
235.44
219.91
230.22
221.06
231.34
232.83
224.25
226.24
211.84
233.29
254.57
240.36
264.74
291.03
281.78
308.47
312.94
294.02
297.86
295.17
294.20
290.69
304.64
295.05
302.13
297.00
273.80
278.39
273.92
286.61
295.13
295.41
295.27
288.29
287.36
295.90
304.22
304.32
313.16
308.60
299.94
309.09
303.52
308.72
316.70
312.36
322.89
347.10
354.43
374.00
378.82
377.46
384.21
401.95
416.08
421.26
423.53
438.57
428.95
418.00
460.15
415.02
432.24
450.51
430.49
453.55
459.09
463.34
436.65
454.55
450.90
444.26
459.73
448.40
444.25
445.03
446.91
456.12
449.70
449.42
451.70
440.66
445.80
439.77
432.34
435.02
426.04
438.36
431.61
416.74
423.30
408.26
415.08
427.11
414.56
431.12
430.15
397.93
421.92
410.85
401.96
419.60
420.47
402.69
423.98
407.21
408.22
425.37
414.38
427.88
426.00
421.24
405.98
419.12
413.27
415.76
427.30
425.59
402.64
419.59
410.69
411.13
419.00
407.23
410.26
405.42
407.42
409.15
409.98
415.21
417.83
409.52
414.64
409.96
407.64
432.22
414.99
411.23
407.64
392.19
410.26
400.84
409.64
402.26
416.49
426.86
412.95
409.67
408.99
400.56
412.27
425.77
393.00
402.83
424.59
410.80
407.42
419.50
403.63
406.60
425.09
403.25
397.87
384.13
394.01
394.24
419.83
427.33
413.32
424.75
399.91
423.75
421.96
406.98
405.15
410.35
407.00
423.22
428.02
402.88
412.55
405.33
396.81
401.67
396.84
402.73
414.40
408.18
410.70
395.14
392.76
395.61
412.25
400.70
397.09
392.60
387.26
415.94
393.24
396.61
397.91
397.73
396.58
401.21
390.58
395.22
400.08
409.29
401.64
367.31
403.23
371.69
376.55
394.23
379.54
406.19
399.59
403.28
401.67
388.75
384.67
385.45
388.48
381.04
384.36
387.97
384.34
391.37
386.23
384.09
376.91
381.04
390.43
391.74
391.74
385.91
388.76
399.62
389.78
387.28
382.23
372.45
394.97
403.36
399.82
392.64
388.85
382.11
393.16
398.56
387.83
380.32
377.71
380.53
388.93
396.31
391.48
388.48
400.77
389.87
397.90
392.50
378.97
391.93
388.31
391.46
389.83
387.26
383.91
389.49
392.59
390.60
392.07
375.37
378.07
398.45
391.95
390.49
384.88
367.33
386.29
397.38
388.64
389.31
394.04
395.49
395.68
397.65
377.71
379.51
377.95
383.57
391.20
389.08
399.12
396.88
390.95
387.74
393.73
377.00
383.23
393.06
386.00
395.16
392.59
387.46
388.92
388.76
380.77
394.49
384.72
391.27
396.38
377.18
394.49
391.37
395.92
398.34
390.06
386.38
384.89
383.55
385.63
390.61
381.58
389.78
388.76
401.25
393.92
386.27
382.87
371.39
383.28
392.59
394.97
391.37
387.60
388.48
394.97
390.24
387.07
381.93
381.63
392.77
398.34
390.24
380.77
377.73
392.68
392.46
395.51
389.22
381.98
385.20
390.33
387.53
383.37
389.97
382.39
395.31
385.54
387.24
387.75
378.43
397.71
392.92
369.26
369.48
372.99
367.58
388.58
384.63
368.62
394.55
395.93
383.02
384.75
385.89
392.41
387.57
393.59
381.56
376.64
398.93
383.74
396.12
382.39
384.46
388.59
382.42
382.11
393.22
399.63
386.46
394.70
389.80
384.51
387.43
395.06
392.34
399.57
383.66
387.27
383.11
383.76
395.82
384.60
387.79
391.13
381.37
397.77
387.88
387.62
388.81
378.83
394.97
381.96
389.55
383.62
372.09
386.58
386.32
385.54
391.25
387.49
391.31
392.85
384.62
384.63
373.73
392.22
395.40
385.63
392.34
374.97
397.60
384.28
376.96
402.65
376.31
391.33
398.67
398.10
388.28
380.60
381.48
380.11
367.98
395.77
400.81
368.06
390.41
372.17
371.36
396.18
376.64
394.89
379.88
381.95
391.70
386.02
404.02
368.94
389.90
391.37
380.60
399.38
387.38
384.34
399.74
405.24
392.04
383.40
373.90
386.30
404.06
394.27
390.50
396.35
380.95
381.88
399.20
380.18
383.15
388.97
360.85
378.49
393.93
400.89
394.63
369.90
389.29
385.04
409.08
413.36
378.53
387.59
373.24
387.53
395.51
382.65
395.44
374.53
380.51
391.93
381.59
386.55
395.88
384.60
402.43
392.37
377.52
396.42
374.77
396.49
401.02
376.47
389.31
384.25
379.80
401.00
387.36
382.98
402.75
377.98
394.49
398.05
371.21
391.37
378.16
378.61
397.61
386.15
397.83
387.36
378.57
383.33
384.91
389.03
395.33
393.30
384.41
390.24
381.93
396.33
397.74
392.10
402.52
384.45
391.18
387.37
375.86
395.69
385.11
395.06
393.95
378.28
387.96
384.09
395.57
392.85
380.05
383.81
378.37
390.24
391.92
382.44
388.89
384.34
395.65
394.63
385.29
385.63
373.60
386.58
400.97
388.47
392.43
379.66
367.50
391.35
378.74
393.67
400.36
400.56
396.55
375.89
374.81
379.18
400.72
394.54
379.98
395.58
382.11
410.35
403.02
360.50
396.20
384.53
406.42
401.85
369.66
372.67
374.48
378.99
402.10
402.52
383.06
406.22
381.37
387.67
401.38
391.33
393.53
383.83
392.85
384.94
397.65
395.97
379.71
389.50
378.61
378.65
397.70
392.33
385.29
391.08
389.33
387.04
394.97
382.19
385.37
395.76
388.50
395.75
378.78
379.02
392.94
381.94
396.50
397.87
373.49
387.20
389.06
358.74
382.34
387.55
374.27
380.05
393.74
386.07
370.42
389.45
385.39
385.85
389.76
383.15
388.95
395.40
395.75
390.49
380.48
398.03
385.54
400.00
385.54
367.46
402.01
386.40
387.15
386.15
370.46
381.58
391.93
376.65
388.37
387.75
380.61
392.85
384.20
386.60
385.05
378.70
379.82
381.12
387.34
383.92
377.70
380.31
382.13
394.55
402.78
387.18
386.84
401.90
378.97
403.49
390.90
374.18
397.20
376.55
387.44
387.28
382.92
388.48
384.81
389.01
392.19
386.58
388.93
382.47
376.83
390.99
386.18
394.88
394.18
381.37
386.92
376.73
378.79
399.14
384.27
382.84
391.63
379.16
385.11
389.42
383.14
384.91
390.34
400.09
394.18
392.73
392.28
381.04
394.97
387.56
384.54
384.58
383.91
390.60
394.79
390.34
380.32
384.54
380.77
390.69
392.07
387.01
387.53
381.84
381.50
386.82
386.09
391.04
389.73
386.58
389.63
381.04
381.68
383.64
383.28
393.89
393.21
391.13
392.01
387.56
389.29
394.97
393.35
398.43
399.27
393.00
398.06
387.19
385.45
387.46
382.38
392.46
392.86
392.37
393.89
386.18
385.17
387.46
387.00
394.52
396.84
389.54
391.75
387.19
402.81
401.35
389.22
390.16
377.90
380.01
397.02
385.72
389.72
395.33
377.90
390.24
384.81
385.63
388.29
381.04
387.88
386.23
389.28
388.66
378.30
374.97
379.01
377.25
389.54
380.37
380.20
384.94
373.37
380.60
382.56
381.49
394.43
397.74
389.89
389.28
384.45
384.52
404.37
391.74
392.37
390.07
380.18
392.37
386.55
388.02
387.74
386.00
391.93
396.66
385.72
391.09
379.78
380.77
390.15
385.54
384.45
387.00
384.81
393.35
397.74
387.79
388.23
383.46
392.12
403.30
392.12
391.39
379.33
377.64
390.69
386.64
399.42
390.15
386.18
396.97
386.84
391.22
392.01
384.72
386.47
392.97
385.27
391.66
383.32
381.79
387.04
380.42
395.15
388.05
388.86
384.30
384.45
386.23
392.10
391.71
393.87
393.44
393.26
398.25
389.60
385.45
387.44
382.81
388.58
393.22
382.47
393.53
386.49
392.09
394.81
381.79
390.66
382.55
388.58
393.05
384.00
393.70
385.46
388.83
391.73
380.11
389.16
383.15
389.41
387.01
384.00
400.82
382.11
393.65
384.09
369.02
386.58
381.40
403.91
397.37
390.52
400.28
384.58
391.58
392.93
383.91
390.75
390.50
389.10
392.19
383.91
400.19
386.18
380.60
391.66
375.72
385.37
394.25
383.10
393.62
389.45
383.49
391.30
384.18
387.10
391.84
384.09
386.42
389.89
383.74
383.97
381.31
388.02
386.85
395.72
398.52
389.10
385.89
383.15
380.03
392.26
396.58
384.00
386.36
378.12
386.49
389.89
384.36
389.28
381.20
386.22
390.49
381.12
391.16
390.08
388.78
387.36
374.14
384.09
382.39
385.46
390.33
384.18
379.69
394.13
387.92
392.46
400.27
387.39
393.62
389.96
382.04
391.44
385.00
388.75
395.51
386.12
398.20
388.49
391.00
394.27
384.67
388.23
388.66
382.32
387.92
391.55
394.07
398.73
392.82
391.48
388.02
393.35
397.04
389.03
389.54
385.54
380.70
385.63
385.27
380.05
385.82
387.92
390.95
396.22
389.01
390.86
383.91
388.94
389.68
390.24
397.61
391.48
392.19
390.07
381.49
377.89
384.54
385.18
396.97
396.04
389.89
392.01
384.00
386.75
400.10
388.29
387.62
390.85
384.60
385.97
379.36
387.44
386.32
391.55
392.01
382.55
391.58
389.83
384.00
390.24
379.36
388.50
394.89
384.43
389.74
384.26
392.51
394.22
391.29
386.93
376.80
390.33
387.10
389.81
390.58
377.79
389.99
387.10
388.44
390.83
378.45
393.44
393.02
391.29
392.60
377.54
394.04
396.18
396.58
399.47
379.36
392.01
390.66
387.84
392.26
374.59
388.58
388.58
388.52
392.82
383.01
382.04
386.10
386.46
392.82
393.91
385.89
389.45
387.65
391.55
403.85
390.51
390.33
402.69
393.44
407.50
388.29
385.54
390.24
389.01
400.09
382.47
386.68
389.10
390.76
390.16
381.12
383.32
378.23
389.06
395.88
383.57
385.11
383.28
384.54
392.69
399.71
385.18
386.66
389.89
386.40
399.00
387.19
377.98
383.60
387.92
399.18
391.11
380.53
378.91
376.12
392.97
399.04
382.02
385.20
383.83
385.63
399.36
383.55
387.36
387.79
379.61
393.55
378.53
389.55
386.16
380.50
394.88
382.07
394.18
392.19
389.87
397.61
387.92
388.31
390.95
374.44
381.31
390.90
383.64
398.46
395.51
388.14
388.63
377.71
386.09
388.66
388.69
406.81
392.69
387.92
393.98
375.45
387.18
385.89
376.12
391.93
388.23
390.59
391.93
384.91
384.36
391.18
385.45
388.23
390.95
381.71
388.50
379.95
391.84
394.98
393.47
392.26
375.90
387.59
389.33
391.89
394.63
379.70
391.58
389.33
388.95
392.34
376.55
390.16
388.09
386.73
390.91
382.78
394.81
380.62
383.15
381.55
388.84
410.43
394.28
387.63
375.20
384.32
412.95
400.09
387.53
392.23
375.03
387.53
407.31
386.17
385.63
387.10
378.90
380.05
389.38
392.37
390.34
378.39
380.78
382.05
383.57
401.92
381.40
393.08
388.05
379.20
387.92
375.82
388.66
384.38
385.54
393.10
380.87
394.81
388.09
379.95
388.40
380.51
382.02
386.09
373.40
381.72
394.25
390.51
404.27
390.77
391.48
395.69
376.74
392.19
389.80
389.28
391.84
382.83
393.00
387.18
388.93
393.17
381.75
385.00
389.87
386.91
393.98
392.46
387.18
390.86
380.51
375.85
386.18
380.42
392.55
394.27
382.64
388.05
378.39
381.58
397.29
382.22
386.11
388.33
380.11
399.31
384.43
387.10
390.66
380.53
400.95
389.28
389.66
392.85
383.15
397.43
384.43
386.40
382.07
378.61
399.14
389.13
384.81
385.91
374.62
389.89
395.24
386.32
390.77
384.45
390.80
402.22
389.41
384.43
386.94
381.22
405.56
398.37
385.63
389.22
379.87
390.80
403.30
387.28
387.70
382.76
380.44
401.00
389.13
382.11
390.95
382.67
394.88
401.55
387.10
390.06
388.57
394.78
405.36
390.15
383.14
382.50
375.50
398.28
393.56
385.37
388.49
374.97
389.31
396.76
383.64
388.84
387.44
390.07
404.04
389.03
388.48
381.59
378.25
403.10
387.56
382.02
385.91
376.03
387.28
402.56
388.40
399.73
387.83
382.23
402.22
381.04
386.27
386.27
375.32
389.63
383.28
382.89
384.34
381.79
399.64
399.55
387.44
379.82
375.11
393.93
388.49
388.25
399.17
361.54
391.20
386.89
391.60
408.57
392.89
419.41
384.62
380.60
391.48
371.93
381.37
391.22
374.88
390.07
398.10
381.20
395.15
374.53
376.83
403.20
385.18
397.11
388.58
381.90
389.97
381.95
406.28
392.19
390.33
391.33
369.18
391.15
387.34
377.54
388.14
373.74
385.82
394.58
389.22
399.45
391.84
391.57
396.51
380.69
383.05
388.29
382.20
397.06
394.80
390.24
391.48
380.15
383.60
384.91
385.72
389.44
393.47
393.26
392.46
388.60
381.77
387.10
383.28
395.79
392.68
388.40
394.61
378.74
391.60
392.10
390.16
397.82
389.04
391.58
387.43
384.26
394.55
387.75
389.63
387.70
375.69
385.89
386.98
385.54
393.44
385.99
381.59
387.00
380.69
393.98
391.55
387.36
394.34
379.01
386.68
384.94
380.70
389.58
384.11
386.66
386.75
380.15
395.06
389.38
387.27
390.77
377.95
389.87
386.82
382.92
395.60
381.29
389.10
396.18
382.55
398.88
387.34
384.17
395.75
386.40
400.60
389.74
382.39
393.87
383.91
401.91
394.98
386.58
397.06
385.27
396.24
390.33
384.26
385.10
378.57
384.91
391.93
382.20
401.02
396.15
388.66
401.47
375.00
388.91
376.63
374.31
389.24
376.06
399.48
385.30
384.51
390.16
380.77
389.22
386.91
386.64
388.63
398.28
392.28
393.44
387.16
378.88
390.34
380.77
394.70
388.31
384.77
396.87
381.46
400.69
388.75
381.71
392.73
378.22
387.65
388.94
382.20
391.23
391.72
387.70
409.69
387.52
381.77
391.22
369.70
391.58
392.89
380.20
390.49
384.60
393.27
396.75
381.63
390.33
383.91
392.76
393.97
381.63
392.17
382.39
381.70
387.26
393.27
390.41
375.84
381.45
362.84
388.01
418.25
395.69
390.75
368.60
365.79
388.25
400.28
417.58
388.66
405.33
392.51
379.20
411.83
380.11
393.56
391.30
377.43
393.62
381.21
389.58
395.32
388.05
394.16
390.99
380.14
393.73
387.56
388.20
397.04
376.12
390.90
390.34
391.27
396.02
392.31
383.33
387.13
388.20
390.71
398.28
382.56
391.13
407.92
393.62
407.78
388.76
371.01
386.49
382.81
387.62
387.83
379.51
385.54
398.73
394.12
397.09
384.60
381.52
388.44
390.08
396.50
387.27
383.64
391.81
391.42
394.98
388.66
383.73
389.81
390.69
389.29
382.92
382.32
387.28
389.78
400.19
383.55
387.00
388.11
380.42
385.98
379.36
393.27
389.00
376.55
380.17
381.11
389.92
391.95
381.64
383.80
376.64
375.21
381.60
363.16
