287.31
291.32
295.41
297.66
1070.0
1540.0
2440.0
2990.0
3030.0
3260.0
2320.0
1960.0
1620.0
1690.0
2550.0
3430.0
3840.0
3880.0
3870.0
3760.0
3630.0
3520.0
3600.0
3520.0
3460.0
3410.0
2870.0
2140.0
1580.0
1730.0
2110.0
2450.0
3030.0
3030.0
2270.0
1850.0
1200.0
1080.0
1760.0
1840.0
1870.0
1500.0
1410.0
2250.0
3160.0
3640.0
3750.0
3850.0
3880.0
3900.0
3850.0
3640.0
2800.0
2790.0
1900.0
1140.0
1080.0
321.68
294.13
245.35
179.68
197.16
200.63
402.29
1280.0
2190.0
2580.0
3180.0
2990.0
2890.0
3370.0
2510.0
2450.0
2010.0
1280.0
1110.0
1300.0
1380.0
1500.0
1670.0
1009.71
1220.0
1910.0
2770.0
3480.0
3550.0
3640.0
3620.0
3650.0
3740.0
3760.0
3920.0
3890.0
3740.0
3460.0
2520.0
1670.0
822.92
231.72
367.82
678.79
1570.0
2360.0
2400.0
1950.0
1430.0
1510.0
2340.0
3240.0
3660.0
3490.0
3480.0
3460.0
2900.0
3050.0
2380.0
1610.0
2210.0
2280.0
3060.0
4140.0
3980.0
3970.0
3910.0
3190.0
3230.0
3160.0
3060.0
3780.0
3810.0
3820.0
3900.0
3410.0
2690.0
2260.0
1860.0
1760.0
1980.0
2330.0
2340.0
1900.0
1500.0
759.72
269.59
281.07
1070.0
2100.0
2890.0
2950.0
2030.0
2080.0
2040.0
2790.0
3800.0
3660.0
3220.0
2450.0
2420.0
2450.0
2280.0
2060.0
1810.0
1220.0
1130.0
1690.0
1990.0
1720.0
1680.0
1220.0
633.27
603.43
574.82
542.85
384.86
334.33
321.30
351.44
593.59
1370.0
2300.0
2820.0
3470.0
3580.0
3540.0
3900.0
3900.0
3860.0
3880.0
3740.0
2740.0
2610.0
2510.0
2640.0
3660.0
3820.0
3910.0
3940.0
3200.0
2430.0
2470.0
2330.0
2970.0
3130.0
3110.0
2960.0
2920.0
3420.0
3440.0
3740.0
3920.0
3670.0
2880.0
1770.0
1790.0
1480.0
1030.0
1890.0
1730.0
1830.0
2280.0
1270.0
968.71
768.00
768.00
727.43
311.94
219.18
214.97
261.71
250.59
289.12
281.32
289.95
289.77
321.14
346.73
1160.0
1200.0
1630.0
2390.0
2320.0
3330.0
3380.0
2510.0
1840.0
1720.0
1910.0
2640.0
3420.0
3460.0
3590.0
3840.0
3410.0
2560.0
1610.0
866.82
321.36
298.43
311.31
581.34
1380.0
1690.0
1700.0
2240.0
2340.0
2680.0
3550.0
2630.0
1720.0
1660.0
1400.0
1630.0
1590.0
1001.07
1110.0
1030.0
1560.0
1750.0
1220.0
1650.0
1940.0
2880.0
3860.0
3940.0
3880.0
3880.0
3950.0
3860.0
3800.0
3730.0
3590.0
3190.0
2360.0
1760.0
1017.89
537.22
457.83
245.16
732.44
1130.0
1260.0
1410.0
1480.0
1030.0
1520.0
1640.0
1870.0
2760.0
3100.0
3750.0
3730.0
3750.0
3850.0
3830.0
3750.0
3780.0
3750.0
3780.0
3840.0
3800.0
3700.0
2720.0
1750.0
979.45
768.77
1490.0
2400.0
2420.0
1880.0
2070.0
2010.0
2450.0
3250.0
3030.0
2430.0
2790.0
2860.0
2910.0
3120.0
2370.0
1870.0
1100.0
694.90
625.92
226.42
192.05
565.85
1330.0
2350.0
2700.0
2210.0
2070.0
1240.0
873.03
842.24
906.63
1440.0
2030.0
2760.0
2850.0
2860.0
3500.0
2870.0
2040.0
1170.0
915.38
1220.0
1500.0
1560.0
1013.57
634.97
389.53
337.94
306.28
362.61
1090.0
1990.0
2210.0
1970.0
1260.0
1280.0
1750.0
1830.0
1960.0
1990.0
2010.0
2850.0
3560.0
3510.0
3620.0
2750.0
1870.0
1670.0
1670.0
2360.0
3230.0
3510.0
3480.0
3600.0
2940.0
1870.0
1750.0
1800.0
1790.0
1780.0
1300.0
694.74
327.37
346.82
860.83
1550.0
2590.0
3730.0
3950.0
4130.0
3930.0
3680.0
3100.0
3000.0
3050.0
2320.0
1940.0
1150.0
1080.0
1890.0
2770.0
