106.55
116.87
180.97
194.21
508.33
1050.0
1240.0
1480.0
1950.0
1330.0
1500.0
1910.0
2460.0
3660.0
3700.0
3750.0
3800.0
3610.0
3720.0
3770.0
3900.0
3990.0
3980.0
3930.0
3780.0
3700.0
3680.0
3330.0
2470.0
2530.0
2590.0
2840.0
3800.0
3930.0
4000.0
4030.0
3950.0
3860.0
3760.0
2990.0
2060.0
1660.0
1650.0
2290.0
3260.0
3570.0
3590.0
3570.0
3720.0
4050.0
4170.0
4230.0
4240.0
4090.0
4080.0
4180.0
4010.0
3850.0
3650.0
3480.0
3560.0
3720.0
3450.0
3480.0
3410.0
3270.0
3500.0
3510.0
3460.0
3460.0
3570.0
3540.0
3620.0
3790.0
3870.0
3870.0
