35.74
87.80
151.20
208.43
3520.0
3670.0
3590.0
3740.0
3740.0
3830.0
3900.0
3850.0
3970.0
4050.0
4130.0
4160.0
4120.0
3990.0
3990.0
3950.0
3920.0
4040.0
3900.0
3860.0
3680.0
2800.0
2490.0
2540.0
2650.0
3430.0
3770.0
3560.0
3550.0
3590.0
3640.0
3740.0
3800.0
3670.0
3700.0
3600.0
2820.0
2930.0
2910.0
3120.0
3900.0
3900.0
3250.0
3170.0
3150.0
3090.0
3250.0
2440.0
1600.0
855.47
375.76
1090.0
1920.0
2940.0
4070.0
4000.0
4210.0
4010.0
3760.0
3970.0
3890.0
4330.0
4670.0
4730.0
3980.0
3500.0
2970.0
2400.0
2980.0
3190.0
3300.0
3610.0
2890.0
2540.0
1850.0
1020.0
822.99
595.47
1340.0
2270.0
3290.0
3950.0
3790.0
3610.0
3550.0
3630.0
3910.0
4210.0
4360.0
4250.0
4170.0
4110.0
3940.0
4010.0
3870.0
3870.0
3280.0
3010.0
3130.0
3120.0
3120.0
2720.0
2680.0
2580.0
2960.0
3690.0
3620.0
3640.0
3540.0
3390.0
3490.0
2820.0
1910.0
1160.0
300.76
536.48
937.24
929.90
1020.0
1130.0
1540.0
2420.0
3410.0
3670.0
3390.0
2420.0
1710.0
1770.0
1990.0
3100.0
3800.0
3360.0
3030.0
2980.0
3050.0
3400.0
3760.0
3860.0
2880.0
2070.0
1430.0
854.63
1230.0
1800.0
2720.0
3610.0
3730.0
3820.0
3770.0
3820.0
3760.0
3740.0
3730.0
