35.63
40.56
52.33
118.78
2100.0
3230.0
3920.0
3860.0
3940.0
4080.0
4120.0
4260.0
4110.0
3830.0
2980.0
1910.0
1830.0
1940.0
2820.0
3870.0
3790.0
3670.0
3660.0
3650.0
3800.0
3870.0
3800.0
3880.0
3910.0
2880.0
2210.0
1960.0
1970.0
2890.0
3540.0
3670.0
3670.0
3640.0
2880.0
1940.0
1030.0
630.43
1150.0
1940.0
3230.0
2810.0
2010.0
1710.0
1740.0
2660.0
3690.0
4040.0
4010.0
3930.0
3820.0
3250.0
2240.0
1410.0
1010.0
934.31
913.20
950.10
597.80
324.49
1060.0
1850.0
3000.0
3960.0
3980.0
3250.0
2520.0
2490.0
2470.0
2380.0
2910.0
2950.0
2960.0
3710.0
3870.0
3810.0
3900.0
3930.0
3360.0
3000.0
3030.0
3040.0
3710.0
4130.0
3980.0
3980.0
3960.0
3920.0
4100.0
4110.0
4050.0
4170.0
4070.0
4090.0
4170.0
4120.0
4130.0
4160.0
4040.0
4110.0
3980.0
3910.0
4030.0
3930.0
4100.0
4030.0
3030.0
2850.0
2020.0
1790.0
2370.0
2560.0
3340.0
3700.0
3740.0
3820.0
3250.0
3250.0
2780.0
1850.0
1460.0
607.43
263.29
804.10
1510.0
2770.0
3790.0
3750.0
3660.0
3590.0
3650.0
3740.0
3870.0
3860.0
3920.0
3980.0
3890.0
3770.0
3720.0
3540.0
2910.0
2090.0
1610.0
1470.0
1370.0
1330.0
1290.0
1380.0
1430.0
1750.0
2390.0
2710.0
3420.0
4050.0
3970.0
3850.0
3890.0
3870.0
3820.0
3860.0
3800.0
3790.0
3780.0
3620.0
2760.0
2860.0
2920.0
3040.0
3850.0
3370.0
2470.0
2320.0
2370.0
2700.0
3700.0
3880.0
3850.0
3900.0
3570.0
2470.0
2230.0
2300.0
2460.0
3820.0
3450.0
2290.0
1510.0
735.76
276.21
885.73
1700.0
2610.0
3050.0
2060.0
1270.0
1070.0
1070.0
1310.0
1510.0
1830.0
2410.0
3300.0
4050.0
4050.0
3930.0
3900.0
3950.0
4030.0
4170.0
4230.0
4280.0
4150.0
4130.0
4040.0
3900.0
3770.0
3620.0
3510.0
2980.0
3090.0
3150.0
3180.0
3870.0
3830.0
3720.0
3680.0
2830.0
1760.0
1100.0
540.63
1200.0
2350.0
3330.0
4060.0
3990.0
3340.0
2460.0
1640.0
1590.0
