13090.0
12140.0
11830.0
11670.0
11210.0
7160.0
6740.0
4590.0
2490.0
5400.0
5810.0
8520.0
11210.0
11200.0
8980.0
4380.0
2820.0
1170.0
2290.0
5550.0
7810.0
11280.0
11210.0
11200.0
11200.0
11200.0
11200.0
6770.0
4750.0
3460.0
1510.0
1018.63
2440.0
2370.0
3680.0
6360.0
5790.0
6730.0
8090.0
6270.0
5560.0
3520.0
1870.0
3430.0
5840.0
9160.0
11210.0
11200.0
11210.0
5410.0
3270.0
2840.0
2840.0
5620.0
10300.0
11210.0
11210.0
11210.0
11210.0
10650.0
7890.0
4800.0
2200.0
312.34
309.68
352.42
1950.0
3900.0
6630.0
